Bond     =           14.8586532     Angle    =           44.8902322
Dihedral =          164.2968448     1-4 vdW  =           47.9826197
1-4 Elec =        -1000.2248412     vdWaals  =          -96.1305697
Elec.    =          334.8079720     Egb      =        -1029.9679658
TOTAL    =        -1519.4870547
