Bond     =           35.9668033     Angle    =           44.6633941
Dihedral =          189.6512909     1-4 vdW  =           53.1445804
1-4 Elec =         -882.4360333     vdWaals  =          -95.4553305
Elec.    =          117.6408524     Egb      =         -896.6115843
TOTAL    =        -1433.4360270
