Bond     =           14.3209153     Angle    =           34.9970108
Dihedral =          165.8786817     1-4 vdW  =           50.4443647
1-4 Elec =        -1051.3212543     vdWaals  =         -111.5732216
Elec.    =          331.3601569     Egb      =        -1008.4281496
TOTAL    =        -1574.3214962
