Bond     =           14.1417376     Angle    =           41.0803559
Dihedral =          194.0109454     1-4 vdW  =           53.1398487
1-4 Elec =        -1058.3846916     vdWaals  =          -88.7763179
Elec.    =          256.4636437     Egb      =         -931.8599268
TOTAL    =        -1520.1844051
