Bond     =           15.0546906     Angle    =           44.9239517
Dihedral =          191.1384821     1-4 vdW  =           50.2631400
1-4 Elec =        -1006.5769143     vdWaals  =          -80.2525924
Elec.    =          277.9386574     Egb      =         -971.1235691
TOTAL    =        -1478.6341541
