Bond     =           13.0611873     Angle    =           36.5045933
Dihedral =          170.9926342     1-4 vdW  =           52.5718839
1-4 Elec =         -856.7908332     vdWaals  =         -114.8921547
Elec.    =          194.3830616     Egb      =         -999.4807735
TOTAL    =        -1503.6504011
