Bond     =           13.3921245     Angle    =           38.2424972
Dihedral =          165.8648132     1-4 vdW  =           52.0638880
1-4 Elec =         -932.1898693     vdWaals  =         -108.6007069
Elec.    =          188.1498261     Egb      =         -941.1540686
TOTAL    =        -1524.2314959
