Bond     =           11.3220454     Angle    =           42.3584407
Dihedral =          166.3596867     1-4 vdW  =           51.2194902
1-4 Elec =         -522.5654567     vdWaals  =         -116.7961494
Elec.    =           -2.5757754     Egb      =         -949.8256523
TOTAL    =        -1320.5033707
