Bond     =           12.3233385     Angle    =           37.7650521
Dihedral =          178.1639283     1-4 vdW  =           53.4159371
1-4 Elec =         -739.5820782     vdWaals  =         -113.4160187
Elec.    =          127.0891034     Egb      =         -995.4015746
TOTAL    =        -1439.6423121
