Bond     =           12.2142825     Angle    =           41.8890988
Dihedral =          166.1913248     1-4 vdW  =           50.7804616
1-4 Elec =         -698.7452882     vdWaals  =         -114.3899192
Elec.    =           77.9535317     Egb      =         -938.1010485
TOTAL    =        -1402.2075566
