Bond     =           11.8325413     Angle    =           36.0550795
Dihedral =          185.5427687     1-4 vdW  =           51.7497572
1-4 Elec =         -645.5591564     vdWaals  =          -84.5095785
Elec.    =           55.8119685     Egb      =         -950.7265564
TOTAL    =        -1339.8031761
