Bond     =           12.2949210     Angle    =           36.3225575
Dihedral =          169.6338721     1-4 vdW  =           50.8350742
1-4 Elec =         -690.1481971     vdWaals  =         -119.2649498
Elec.    =           86.9595129     Egb      =         -956.3311824
TOTAL    =        -1409.6983916
