Bond     =           13.0378657     Angle    =           36.9488426
Dihedral =          178.0082811     1-4 vdW  =           51.4764768
1-4 Elec =         -928.7013613     vdWaals  =          -96.1114495
Elec.    =          170.4048668     Egb      =         -931.4620882
TOTAL    =        -1506.3985659
