Bond     =           12.7532952     Angle    =           36.8998968
Dihedral =          161.7585092     1-4 vdW  =           50.2400391
1-4 Elec =         -807.2910068     vdWaals  =         -113.3491070
Elec.    =          158.2190341     Egb      =         -963.9560289
TOTAL    =        -1464.7253684
