Bond     =           10.2281372     Angle    =           41.1686964
Dihedral =          196.3619560     1-4 vdW  =           50.3842851
1-4 Elec =         -209.3069795     vdWaals  =          -88.2841939
Elec.    =          -79.0893099     Egb      =         -984.2876515
TOTAL    =        -1062.8250601
