Bond     =           13.3864302     Angle    =           44.3318277
Dihedral =          194.5832409     1-4 vdW  =           53.7909863
1-4 Elec =         -809.3581903     vdWaals  =          -88.3336265
Elec.    =           49.7721531     Egb      =         -882.4966207
TOTAL    =        -1424.3237994
