Bond     =           11.2310001     Angle    =           40.7255872
Dihedral =          197.9126803     1-4 vdW  =           51.4825331
1-4 Elec =         -372.1920749     vdWaals  =          -87.5851355
Elec.    =          -33.9820136     Egb      =         -974.6313333
TOTAL    =        -1167.0387567
