Bond     =           14.3867294     Angle    =           33.4382802
Dihedral =          183.5307688     1-4 vdW  =           51.7874587
1-4 Elec =        -1152.4559249     vdWaals  =         -108.9454811
Elec.    =          326.3733358     Egb      =         -974.3696833
TOTAL    =        -1626.2545165
