Bond     =           12.9836541     Angle    =           34.2564550
Dihedral =          167.6578287     1-4 vdW  =           49.5270164
1-4 Elec =         -819.1651714     vdWaals  =         -113.2243286
Elec.    =          237.5522938     Egb      =        -1026.4469355
TOTAL    =        -1456.8591875
