Bond     =           12.6725462     Angle    =           34.0066572
Dihedral =          193.1527072     1-4 vdW  =           50.7407677
1-4 Elec =         -885.2033958     vdWaals  =         -112.2639551
Elec.    =          198.5305302     Egb      =         -946.3872133
TOTAL    =        -1454.7513555
