Bond     =           10.6615152     Angle    =           36.2498694
Dihedral =          189.2209765     1-4 vdW  =           49.5558169
1-4 Elec =         -325.6708826     vdWaals  =          -96.0694134
Elec.    =          -31.4370363     Egb      =         -961.7484859
TOTAL    =        -1129.2376402
