Bond     =           13.9689712     Angle    =           40.8967155
Dihedral =          193.7659441     1-4 vdW  =           55.6136464
1-4 Elec =         -973.9758183     vdWaals  =          -94.2674088
Elec.    =          120.2440782     Egb      =         -887.8443986
TOTAL    =        -1531.5982702
