Bond     =           13.0260618     Angle    =           33.9659196
Dihedral =          200.3618163     1-4 vdW  =           52.6938699
1-4 Elec =         -943.6985228     vdWaals  =         -117.9821009
Elec.    =          185.2643263     Egb      =         -913.0813408
TOTAL    =        -1489.4499706
