Bond     =           12.1901972     Angle    =           34.9252475
Dihedral =          176.5097564     1-4 vdW  =           50.7728985
1-4 Elec =         -772.1395787     vdWaals  =         -103.7119365
Elec.    =          150.1849021     Egb      =         -958.4992104
TOTAL    =        -1409.7677240
