Bond     =           12.6225423     Angle    =           36.1840649
Dihedral =          166.4300408     1-4 vdW  =           51.1516435
1-4 Elec =         -699.3650989     vdWaals  =         -112.8309059
Elec.    =           56.9087089     Egb      =         -928.3864527
TOTAL    =        -1417.2854572
