Bond     =           11.8425599     Angle    =           37.1890307
Dihedral =          173.5214400     1-4 vdW  =           49.9997415
1-4 Elec =         -524.1973010     vdWaals  =         -110.5636513
Elec.    =            4.0760378     Egb      =         -933.0526938
TOTAL    =        -1291.1848361
