Bond     =           11.5734053     Angle    =           33.5678345
Dihedral =          173.2922275     1-4 vdW  =           51.5121277
1-4 Elec =         -592.3724403     vdWaals  =         -104.3392865
Elec.    =           13.2607282     Egb      =         -926.4704523
TOTAL    =        -1339.9758559
