Bond     =           11.7801473     Angle    =           34.9506184
Dihedral =          177.0136463     1-4 vdW  =           52.5403155
1-4 Elec =         -643.2304756     vdWaals  =          -99.1540653
Elec.    =           43.3969015     Egb      =         -931.1162491
TOTAL    =        -1353.8191609
