Bond     =           12.8109843     Angle    =           36.9529043
Dihedral =          181.4663810     1-4 vdW  =           49.3316582
1-4 Elec =         -781.2253431     vdWaals  =         -104.6067772
Elec.    =          239.3743335     Egb      =        -1003.3340209
TOTAL    =        -1369.2298799
