Bond     =           13.5624440     Angle    =           47.6140533
Dihedral =          179.6388908     1-4 vdW  =           51.1424288
1-4 Elec =         -801.5206056     vdWaals  =          -93.9962645
Elec.    =          128.9715320     Egb      =         -961.9586169
TOTAL    =        -1436.5461381
