Bond     =           12.6558652     Angle    =           42.4571255
Dihedral =          169.9769472     1-4 vdW  =           52.6707965
1-4 Elec =         -757.0897218     vdWaals  =         -108.5413208
Elec.    =           67.8836191     Egb      =         -920.4928878
TOTAL    =        -1440.4795770
