Bond     =           14.4669792     Angle    =           49.1169992
Dihedral =          184.6168202     1-4 vdW  =           50.8215295
1-4 Elec =         -918.6804920     vdWaals  =         -101.2419098
Elec.    =          202.7733503     Egb      =         -962.7069969
TOTAL    =        -1480.8337203
