Bond     =           13.2575073     Angle    =           32.6560483
Dihedral =          178.4240121     1-4 vdW  =           50.4650601
1-4 Elec =         -881.4382823     vdWaals  =         -120.2965089
Elec.    =          165.6933794     Egb      =         -927.5563622
TOTAL    =        -1488.7951463
