Bond     =           12.4328615     Angle    =           36.1491357
Dihedral =          178.1369332     1-4 vdW  =           53.8187549
1-4 Elec =         -881.2404986     vdWaals  =          -98.4290283
Elec.    =          126.7369642     Egb      =         -909.3832748
TOTAL    =        -1481.7781522
