Bond     =           12.6179846     Angle    =           37.2995447
Dihedral =          168.2713817     1-4 vdW  =           54.4462400
1-4 Elec =         -811.4053721     vdWaals  =         -107.6893389
Elec.    =          112.6859143     Egb      =         -941.2576495
TOTAL    =        -1475.0312953
