Bond     =           11.7936927     Angle    =           35.6511246
Dihedral =          165.0651677     1-4 vdW  =           48.6595802
1-4 Elec =         -534.5244199     vdWaals  =          -98.3142085
Elec.    =          101.6044654     Egb      =        -1027.3489605
TOTAL    =        -1297.4135584
