Bond     =           12.5534732     Angle    =           36.4215681
Dihedral =          165.1898021     1-4 vdW  =           51.7587675
1-4 Elec =         -755.6115545     vdWaals  =          -99.3654842
Elec.    =          129.9695514     Egb      =         -975.4658186
TOTAL    =        -1434.5496950
