Bond     =           12.6161866     Angle    =           33.9986469
Dihedral =          178.1750247     1-4 vdW  =           52.3311065
1-4 Elec =         -823.4880464     vdWaals  =         -105.9520323
Elec.    =          110.4360260     Egb      =         -912.9806107
TOTAL    =        -1454.8636987
