Bond     =           12.2416892     Angle    =           36.1727438
Dihedral =          165.4492976     1-4 vdW  =           50.0558354
1-4 Elec =         -695.1154702     vdWaals  =          -92.8748436
Elec.    =          114.2536491     Egb      =         -986.5013001
TOTAL    =        -1396.3183988
