Bond     =           13.2874508     Angle    =           36.4633308
Dihedral =          165.4883855     1-4 vdW  =           52.6771288
1-4 Elec =         -932.3735741     vdWaals  =         -107.6185740
Elec.    =          204.7458107     Egb      =         -958.5420122
TOTAL    =        -1525.8720536
