Bond     =           10.0491812     Angle    =           29.6461422
Dihedral =          197.0670698     1-4 vdW  =           51.7646088
1-4 Elec =         -384.0430739     vdWaals  =          -87.6668739
Elec.    =          -27.2979747     Egb      =         -945.7256323
TOTAL    =        -1156.2065528
