Bond     =           10.3614677     Angle    =           28.6610552
Dihedral =          188.1222193     1-4 vdW  =           52.1264136
1-4 Elec =         -504.2338726     vdWaals  =          -87.4487413
Elec.    =           47.9001521     Egb      =         -964.3801460
TOTAL    =        -1228.8914520
