Bond     =           10.3588338     Angle    =           32.9870670
Dihedral =          183.7848607     1-4 vdW  =           52.5824153
1-4 Elec =         -492.2246089     vdWaals  =          -99.5553382
Elec.    =           35.8938113     Egb      =         -976.7003447
TOTAL    =        -1252.8733037
