Bond     =           11.5834154     Angle    =           38.4463257
Dihedral =          167.2655843     1-4 vdW  =           52.1689546
1-4 Elec =         -659.7296578     vdWaals  =         -112.1882625
Elec.    =          105.8114757     Egb      =         -973.5491384
TOTAL    =        -1370.1913030
