Bond     =            9.4962005     Angle    =           28.4115011
Dihedral =          194.3039652     1-4 vdW  =           52.5737465
1-4 Elec =         -391.3498339     vdWaals  =          -83.0725330
Elec.    =          -10.4743270     Egb      =         -967.5021383
TOTAL    =        -1167.6134189
