Bond     =            7.5737258     Angle    =           24.7921540
Dihedral =          163.6806974     1-4 vdW  =           43.5137611
1-4 Elec =         -190.3423612     vdWaals  =          -68.6313143
Elec.    =         -139.1458580     Egb      =         -744.7089228
TOTAL    =         -903.2681180
