Bond     =           11.2294720     Angle    =           36.6546551
Dihedral =          172.4913401     1-4 vdW  =           53.5047606
1-4 Elec =         -655.9379344     vdWaals  =          -98.4043299
Elec.    =           72.5445341     Egb      =         -958.5771133
TOTAL    =        -1366.4946156
