Bond     =           11.5589399     Angle    =           37.3540733
Dihedral =          167.9888532     1-4 vdW  =           52.5333331
1-4 Elec =         -652.6570287     vdWaals  =         -103.3499748
Elec.    =           81.6782287     Egb      =         -964.0693154
TOTAL    =        -1368.9628906
