Bond     =           14.1315150     Angle    =           38.6688238
Dihedral =          182.0110281     1-4 vdW  =           52.4441943
1-4 Elec =        -1048.6736650     vdWaals  =         -110.1372599
Elec.    =          311.6899458     Egb      =         -988.1611197
TOTAL    =        -1548.0265376
