Bond     =           13.8138653     Angle    =           38.6294375
Dihedral =          176.4950612     1-4 vdW  =           51.1663418
1-4 Elec =         -888.1847396     vdWaals  =         -117.5684156
Elec.    =          192.8427262     Egb      =         -941.2856419
TOTAL    =        -1474.0913652
