Bond     =           13.2594661     Angle    =           36.3714290
Dihedral =          177.5363038     1-4 vdW  =           51.5559201
1-4 Elec =         -885.7139404     vdWaals  =         -108.8285357
Elec.    =          245.3442029     Egb      =         -984.3893934
TOTAL    =        -1454.8645474
