Bond     =           12.4878066     Angle    =           32.6822555
Dihedral =          173.2488393     1-4 vdW  =           51.7335801
1-4 Elec =         -780.3132878     vdWaals  =         -105.5446394
Elec.    =          111.0665266     Egb      =         -904.2850667
TOTAL    =        -1408.9239858
