Bond     =           14.3383454     Angle    =           48.9647063
Dihedral =          170.1804590     1-4 vdW  =           50.6107982
1-4 Elec =         -700.3103030     vdWaals  =         -100.5245262
Elec.    =           70.7532473     Egb      =         -951.4133484
TOTAL    =        -1397.4006215
