Bond     =           13.0031726     Angle    =           49.2297747
Dihedral =          182.8423881     1-4 vdW  =           54.8426119
1-4 Elec =         -805.7048989     vdWaals  =          -91.6937919
Elec.    =           79.7852243     Egb      =         -944.8658419
TOTAL    =        -1462.5613610
