Bond     =           12.6632749     Angle    =           44.7059607
Dihedral =          181.9759630     1-4 vdW  =           52.1587328
1-4 Elec =         -685.4472041     vdWaals  =         -106.6379231
Elec.    =            5.4511002     Egb      =         -919.3928232
TOTAL    =        -1414.5229189
