Bond     =           11.7750263     Angle    =           41.0950797
Dihedral =          183.5821770     1-4 vdW  =           51.2854969
1-4 Elec =         -609.4820864     vdWaals  =         -106.4103200
Elec.    =           58.4964394     Egb      =         -935.8853558
TOTAL    =        -1305.5435429
