Bond     =           12.9497356     Angle    =           41.3820176
Dihedral =          168.2671157     1-4 vdW  =           53.5440446
1-4 Elec =         -858.0596245     vdWaals  =         -116.8024213
Elec.    =          164.1311270     Egb      =         -973.2867838
TOTAL    =        -1507.8747891
