Bond     =           12.3947269     Angle    =           37.6167594
Dihedral =          172.0371329     1-4 vdW  =           50.9460767
1-4 Elec =         -736.9586655     vdWaals  =         -108.0514598
Elec.    =          168.0918246     Egb      =         -961.5024102
TOTAL    =        -1365.4260148
