Bond     =           13.3666648     Angle    =           42.5981364
Dihedral =          175.6469060     1-4 vdW  =           51.1982600
1-4 Elec =         -816.6986318     vdWaals  =         -105.1534004
Elec.    =          145.2425911     Egb      =         -952.0336595
TOTAL    =        -1445.8331333
