Bond     =           12.2085353     Angle    =           45.3321997
Dihedral =          200.4250815     1-4 vdW  =           52.5578814
1-4 Elec =         -666.6213938     vdWaals  =          -96.4942074
Elec.    =           27.8326220     Egb      =         -888.4938006
TOTAL    =        -1313.2530818
