Bond     =           12.3233328     Angle    =           41.2306304
Dihedral =          179.1297769     1-4 vdW  =           52.6797661
1-4 Elec =         -681.2168096     vdWaals  =         -120.2850422
Elec.    =            7.9638643     Egb      =         -917.8790453
TOTAL    =        -1426.0535265
