Bond     =           11.5003628     Angle    =           45.9237487
Dihedral =          173.5030054     1-4 vdW  =           53.0781659
1-4 Elec =         -504.8913051     vdWaals  =         -126.3256312
Elec.    =          -46.6652839     Egb      =         -947.6838177
TOTAL    =        -1341.5607550
