Bond     =           12.0886076     Angle    =           45.0556225
Dihedral =          192.8852497     1-4 vdW  =           52.0981460
1-4 Elec =         -668.8127681     vdWaals  =          -96.8035986
Elec.    =           70.4826704     Egb      =         -927.6089026
TOTAL    =        -1320.6149730
