Bond     =           12.5153348     Angle    =           43.9179070
Dihedral =          179.0299135     1-4 vdW  =           54.2681590
1-4 Elec =         -745.0664582     vdWaals  =         -103.6422530
Elec.    =           76.8873468     Egb      =         -958.9426010
TOTAL    =        -1441.0326511
