Bond     =           12.8423346     Angle    =           49.5306845
Dihedral =          174.4854375     1-4 vdW  =           51.9777168
1-4 Elec =         -758.5437006     vdWaals  =          -96.4903995
Elec.    =           89.6298552     Egb      =         -944.8054520
TOTAL    =        -1421.3735235
