Bond     =           12.4200727     Angle    =           39.0831318
Dihedral =          186.6686388     1-4 vdW  =           54.3693498
1-4 Elec =         -745.6480245     vdWaals  =         -101.6017842
Elec.    =           95.5511831     Egb      =         -974.1801451
TOTAL    =        -1433.3375777
