Bond     =           12.2157264     Angle    =           42.9631214
Dihedral =          178.0794528     1-4 vdW  =           52.7565886
1-4 Elec =         -682.8900198     vdWaals  =         -113.8071557
Elec.    =           31.2552614     Egb      =         -944.4369364
TOTAL    =        -1423.8639614
