Bond     =           13.0235617     Angle    =           40.1085386
Dihedral =          171.3014779     1-4 vdW  =           53.8651099
1-4 Elec =         -866.6758815     vdWaals  =         -109.8817135
Elec.    =          169.7458393     Egb      =         -973.7423810
TOTAL    =        -1502.2554487
