Bond     =           13.5992598     Angle    =           30.4849281
Dihedral =          178.2674775     1-4 vdW  =           51.9285349
1-4 Elec =         -984.6191105     vdWaals  =         -105.1779683
Elec.    =          244.0071063     Egb      =         -961.3828102
TOTAL    =        -1532.8925823
