Bond     =           12.2915052     Angle    =           33.2130696
Dihedral =          181.8427979     1-4 vdW  =           51.8414059
1-4 Elec =         -704.6690114     vdWaals  =         -108.8397301
Elec.    =          116.2214924     Egb      =         -962.8637445
TOTAL    =        -1380.9622149
