Bond     =           13.8652613     Angle    =           38.9514686
Dihedral =          166.7055646     1-4 vdW  =           54.2429411
1-4 Elec =        -1038.7899621     vdWaals  =         -114.0555754
Elec.    =          241.2917608     Egb      =         -954.5437910
TOTAL    =        -1592.3323321
