Bond     =           13.7031029     Angle    =           42.5232216
Dihedral =          178.3392569     1-4 vdW  =           52.5505927
1-4 Elec =         -679.7619305     vdWaals  =         -112.3738857
Elec.    =           30.6380818     Egb      =         -946.5824780
TOTAL    =        -1420.9640383
