Bond     =           12.6957995     Angle    =           32.8777903
Dihedral =          186.8633420     1-4 vdW  =           53.3095129
1-4 Elec =         -764.9981092     vdWaals  =         -103.0214754
Elec.    =          130.0331210     Egb      =         -953.2094398
TOTAL    =        -1405.4494588
