Bond     =           12.3335128     Angle    =           37.4057132
Dihedral =          164.5581780     1-4 vdW  =           50.0785039
1-4 Elec =         -733.5728333     vdWaals  =         -110.0330883
Elec.    =          158.8863490     Egb      =         -952.2937588
TOTAL    =        -1372.6374237
