Bond     =           12.4322465     Angle    =           41.3684904
Dihedral =          170.2851162     1-4 vdW  =           52.5217331
1-4 Elec =         -620.2730099     vdWaals  =         -135.4200958
Elec.    =           10.6438829     Egb      =         -944.2109397
TOTAL    =        -1412.6525763
