Bond     =           12.9605800     Angle    =           36.3772568
Dihedral =          180.2033112     1-4 vdW  =           53.6808670
1-4 Elec =         -863.1660497     vdWaals  =         -103.1342179
Elec.    =          189.6910690     Egb      =         -999.6938253
TOTAL    =        -1493.0810090
