Bond     =           13.1793292     Angle    =           49.6035883
Dihedral =          183.2649791     1-4 vdW  =           51.0383591
1-4 Elec =         -754.1818605     vdWaals  =         -110.7258404
Elec.    =          125.1658387     Egb      =         -967.5789464
TOTAL    =        -1410.2345531
