Bond     =           11.5876192     Angle    =           28.5278379
Dihedral =          123.3300988     1-4 vdW  =           35.6246410
1-4 Elec =         -636.7243740     vdWaals  =          -66.0342288
Elec.    =           80.1083599     Egb      =         -596.8210803
TOTAL    =        -1020.4011262
