Bond     =           11.7298783     Angle    =           31.6510200
Dihedral =          143.0728518     1-4 vdW  =           37.6968783
1-4 Elec =         -650.4577111     vdWaals  =          -45.6447398
Elec.    =           28.6810717     Egb      =         -543.2610357
TOTAL    =         -986.5317865
