Bond     =           12.1226362     Angle    =           29.4010997
Dihedral =          133.1590930     1-4 vdW  =           38.4364196
1-4 Elec =         -745.8229905     vdWaals  =          -54.9579651
Elec.    =           43.0001187     Egb      =         -525.0569463
TOTAL    =        -1069.7185348
