Bond     =           11.4805950     Angle    =           30.0975885
Dihedral =          137.6157149     1-4 vdW  =           37.4195684
1-4 Elec =         -648.3636467     vdWaals  =          -52.9356332
Elec.    =           33.4110734     Egb      =         -544.2138369
TOTAL    =         -995.4885765
