Bond     =           12.3585405     Angle    =           34.0001306
Dihedral =          163.7121484     1-4 vdW  =           50.6288401
1-4 Elec =         -715.7273137     vdWaals  =         -116.2215599
Elec.    =          179.7428707     Egb      =        -1004.0572631
TOTAL    =        -1395.5636064
