Bond     =           11.3342062     Angle    =           35.1703701
Dihedral =          186.5865809     1-4 vdW  =           50.8871018
1-4 Elec =         -532.5699258     vdWaals  =         -116.9514914
Elec.    =           48.0795171     Egb      =         -974.7721367
TOTAL    =        -1292.2357778
