Bond     =           12.3950204     Angle    =           37.7759516
Dihedral =          178.1836687     1-4 vdW  =           53.0923009
1-4 Elec =         -814.8519068     vdWaals  =         -109.2007214
Elec.    =          107.7147076     Egb      =         -923.7585211
TOTAL    =        -1458.6495000
