Bond     =           12.0195917     Angle    =           35.1422184
Dihedral =          170.8328410     1-4 vdW  =           51.5439508
1-4 Elec =         -701.8327881     vdWaals  =         -114.8200059
Elec.    =          135.6981853     Egb      =         -999.8174378
TOTAL    =        -1411.2334446
