Bond     =           11.7350014     Angle    =           35.4661041
Dihedral =          181.3374686     1-4 vdW  =           50.0907425
1-4 Elec =         -534.3993924     vdWaals  =         -113.9968368
Elec.    =           55.5383774     Egb      =         -982.8518400
TOTAL    =        -1297.0803753
