Bond     =           11.6522037     Angle    =           40.3610665
Dihedral =          191.6053392     1-4 vdW  =           52.4460537
1-4 Elec =         -706.2742234     vdWaals  =         -103.5779621
Elec.    =           59.1157201     Egb      =         -915.8874744
TOTAL    =        -1370.5592767
