Bond     =           12.3807721     Angle    =           37.9633775
Dihedral =          173.7461089     1-4 vdW  =           52.2197138
1-4 Elec =         -759.4380066     vdWaals  =         -114.8544733
Elec.    =          126.7097038     Egb      =         -959.1468689
TOTAL    =        -1430.4196726
