Bond     =           10.1727569     Angle    =           33.4917626
Dihedral =          204.6914096     1-4 vdW  =           52.1933588
1-4 Elec =         -356.7807197     vdWaals  =          -91.7017195
Elec.    =         -110.8225605     Egb      =         -925.1291356
TOTAL    =        -1183.8848474
