Bond     =           10.5359396     Angle    =           37.1646458
Dihedral =          202.7310469     1-4 vdW  =           54.0547570
1-4 Elec =         -510.6544104     vdWaals  =          -90.1239870
Elec.    =         -113.0383370     Egb      =         -896.8840110
TOTAL    =        -1306.2143561
