Bond     =           20.4252401     Angle    =           37.6691943
Dihedral =          173.2902901     1-4 vdW  =           52.0949744
1-4 Elec =        -1033.6510661     vdWaals  =          -93.8435903
Elec.    =          222.7349426     Egb      =         -945.1478350
TOTAL    =        -1566.4278501
