Bond     =           10.4499789     Angle    =           33.4664123
Dihedral =          179.9237786     1-4 vdW  =           50.3700657
1-4 Elec =         -416.4397904     vdWaals  =         -105.7297255
Elec.    =          -42.5682976     Egb      =         -954.7005604
TOTAL    =        -1245.2281383
