Bond     =           13.6211318     Angle    =           35.5680393
Dihedral =          182.5048140     1-4 vdW  =           54.1468643
1-4 Elec =         -992.4006185     vdWaals  =          -92.8481669
Elec.    =          221.3779520     Egb      =         -947.6491356
TOTAL    =        -1525.6791194
