Bond     =           12.5809884     Angle    =           35.8805346
Dihedral =          167.6356104     1-4 vdW  =           50.5900962
1-4 Elec =         -698.3691260     vdWaals  =         -113.1726011
Elec.    =          105.4275289     Egb      =         -971.7146100
TOTAL    =        -1411.1415785
