Bond     =           13.8547969     Angle    =           35.7232531
Dihedral =          180.2176604     1-4 vdW  =           52.5068431
1-4 Elec =        -1035.9638086     vdWaals  =          -91.8372124
Elec.    =          249.0514255     Egb      =         -966.1305964
TOTAL    =        -1562.5776385
