Bond     =           14.2329423     Angle    =           38.3037460
Dihedral =          161.8513973     1-4 vdW  =           51.2367690
1-4 Elec =        -1038.3995017     vdWaals  =         -105.2860704
Elec.    =          299.6912783     Egb      =        -1012.8266313
TOTAL    =        -1591.1960705
