Bond     =           11.2768324     Angle    =           37.3065729
Dihedral =          204.2117093     1-4 vdW  =           54.0269833
1-4 Elec =         -687.4011265     vdWaals  =          -85.1552250
Elec.    =           -2.1898472     Egb      =         -916.7174736
TOTAL    =        -1384.6415744
