Bond     =           10.2152053     Angle    =           32.4419142
Dihedral =          186.8891360     1-4 vdW  =           50.9076271
1-4 Elec =         -414.9628814     vdWaals  =         -106.0056846
Elec.    =          -41.3664713     Egb      =         -958.5930168
TOTAL    =        -1240.4741714
