Bond     =           13.4703058     Angle    =           35.8879914
Dihedral =          169.9349140     1-4 vdW  =           51.7300594
1-4 Elec =         -936.5728845     vdWaals  =         -102.9028412
Elec.    =          231.6055440     Egb      =         -978.4110612
TOTAL    =        -1515.2579723
