Bond     =           11.2989633     Angle    =           32.1188580
Dihedral =          197.7840054     1-4 vdW  =           51.6447254
1-4 Elec =         -473.1933208     vdWaals  =          -94.9190261
Elec.    =          -26.0620175     Egb      =         -952.2187149
TOTAL    =        -1253.5465271
