Bond     =           13.5168826     Angle    =           36.0497552
Dihedral =          168.7361171     1-4 vdW  =           51.9027843
1-4 Elec =         -879.8481328     vdWaals  =          -95.1120996
Elec.    =          217.0461230     Egb      =         -968.7922482
TOTAL    =        -1456.5008184
