Bond     =           12.4676780     Angle    =           35.6394770
Dihedral =          188.5718252     1-4 vdW  =           53.9579902
1-4 Elec =         -827.8768515     vdWaals  =         -107.9161194
Elec.    =          177.4272801     Egb      =         -967.7467033
TOTAL    =        -1435.4754238
