Bond     =           12.7623421     Angle    =           35.7832712
Dihedral =          174.5488159     1-4 vdW  =           51.9327995
1-4 Elec =         -700.5050646     vdWaals  =         -101.4470567
Elec.    =          139.3333264     Egb      =         -979.2785289
TOTAL    =        -1366.8700951
