Bond     =           14.1924643     Angle    =           36.2914817
Dihedral =          178.4303951     1-4 vdW  =           51.0576574
1-4 Elec =         -879.0443809     vdWaals  =          -99.8383292
Elec.    =          214.5148945     Egb      =         -968.6886540
TOTAL    =        -1453.0844709
