Bond     =           14.8419475     Angle    =           38.1652284
Dihedral =          193.1817708     1-4 vdW  =           52.2215991
1-4 Elec =         -938.7743303     vdWaals  =         -114.9217621
Elec.    =          169.2931810     Egb      =         -906.8131113
TOTAL    =        -1492.8054768
