Bond     =           13.6450782     Angle    =           35.6536347
Dihedral =          178.2267454     1-4 vdW  =           52.8923857
1-4 Elec =         -862.0826748     vdWaals  =         -104.7792166
Elec.    =          190.5203292     Egb      =         -974.2331722
TOTAL    =        -1470.1568906
