Bond     =           13.7301706     Angle    =           36.3768777
Dihedral =          167.4740066     1-4 vdW  =           50.9541494
1-4 Elec =         -987.5708602     vdWaals  =         -108.9028595
Elec.    =          248.6062710     Egb      =         -963.2853633
TOTAL    =        -1542.6176077
