Bond     =           13.0491375     Angle    =           34.3250567
Dihedral =          183.0616768     1-4 vdW  =           55.0596560
1-4 Elec =         -805.5594091     vdWaals  =         -105.7849469
Elec.    =          105.2969458     Egb      =         -934.9218659
TOTAL    =        -1455.4737490
