Bond     =           12.8847003     Angle    =           31.4112876
Dihedral =          182.7448494     1-4 vdW  =           52.4480412
1-4 Elec =         -879.9796517     vdWaals  =          -91.3514036
Elec.    =          185.2540885     Egb      =         -961.8996409
TOTAL    =        -1468.4877292
