Bond     =           12.5901685     Angle    =           36.2626199
Dihedral =          186.1972150     1-4 vdW  =           51.1611261
1-4 Elec =         -763.6613639     vdWaals  =          -91.5489047
Elec.    =           67.9979841     Egb      =         -910.4392384
TOTAL    =        -1411.4403933
