Bond     =           13.8116543     Angle    =           33.0900871
Dihedral =          176.6179921     1-4 vdW  =           49.7136087
1-4 Elec =         -985.9099257     vdWaals  =         -104.8847882
Elec.    =          218.5457198     Egb      =         -940.9567416
TOTAL    =        -1539.9723935
