Bond     =           12.5177971     Angle    =           38.9841381
Dihedral =          172.3189142     1-4 vdW  =           51.2383836
1-4 Elec =         -769.1762864     vdWaals  =         -101.9952232
Elec.    =          123.8045481     Egb      =         -944.4965153
TOTAL    =        -1416.8042437
