Bond     =           13.7105484     Angle    =           30.4328253
Dihedral =          179.8112259     1-4 vdW  =           51.8601354
1-4 Elec =         -877.9037115     vdWaals  =         -101.3582523
Elec.    =          199.2622289     Egb      =         -972.7899007
TOTAL    =        -1476.9749005
