Bond     =           12.9478534     Angle    =           36.5780089
Dihedral =          182.2314087     1-4 vdW  =           52.7263667
1-4 Elec =         -825.4677843     vdWaals  =          -98.3334086
Elec.    =          132.0421729     Egb      =         -927.1408053
TOTAL    =        -1434.4161875
