Bond     =           14.6472425     Angle    =           37.0231670
Dihedral =          175.1847590     1-4 vdW  =           52.2671583
1-4 Elec =         -931.3431795     vdWaals  =         -107.0829627
Elec.    =          207.1661883     Egb      =         -965.0077897
TOTAL    =        -1517.1454168
