Bond     =           14.1436498     Angle    =           36.3068036
Dihedral =          177.5932610     1-4 vdW  =           49.9523104
1-4 Elec =         -973.2564215     vdWaals  =         -102.9146217
Elec.    =          223.8064582     Egb      =         -974.8125287
TOTAL    =        -1549.1810889
