Bond     =           14.6421527     Angle    =           35.9570649
Dihedral =          176.8782561     1-4 vdW  =           49.6911726
1-4 Elec =         -973.3201519     vdWaals  =         -104.6559342
Elec.    =          190.2304640     Egb      =         -945.3746544
TOTAL    =        -1555.9516303
