Bond     =           14.1639369     Angle    =           34.6627657
Dihedral =          182.1184968     1-4 vdW  =           52.4449423
1-4 Elec =        -1042.2952485     vdWaals  =         -112.2005371
Elec.    =          278.5630626     Egb      =         -965.3862374
TOTAL    =        -1557.9288189
