Bond     =           12.0913493     Angle    =           34.9957280
Dihedral =          183.4513835     1-4 vdW  =           53.5503665
1-4 Elec =         -829.3480771     vdWaals  =         -102.8041326
Elec.    =          190.4334545     Egb      =         -977.1986907
TOTAL    =        -1434.8286186
