Bond     =           13.0054869     Angle    =           35.0056228
Dihedral =          171.9569420     1-4 vdW  =           50.7263947
1-4 Elec =         -889.1411510     vdWaals  =         -102.8796871
Elec.    =          273.3793679     Egb      =        -1013.7307491
TOTAL    =        -1461.6777729
