Bond     =           12.4206652     Angle    =           34.7468283
Dihedral =          169.8247899     1-4 vdW  =           52.2726969
1-4 Elec =         -773.7048575     vdWaals  =         -109.3402153
Elec.    =          153.5866990     Egb      =         -960.6674171
TOTAL    =        -1420.8608106
