Bond     =           13.9317003     Angle    =           40.7706393
Dihedral =          165.8823157     1-4 vdW  =           52.6471822
1-4 Elec =        -1045.1307041     vdWaals  =         -110.6634590
Elec.    =          277.6445053     Egb      =         -981.6921420
TOTAL    =        -1586.6099622
