Bond     =           13.6320806     Angle    =           36.3115373
Dihedral =          167.8993895     1-4 vdW  =           48.9894314
1-4 Elec =         -935.1702268     vdWaals  =         -107.5395998
Elec.    =          244.2683734     Egb      =         -974.1597921
TOTAL    =        -1505.7688067
