Bond     =           13.9317186     Angle    =           41.0092328
Dihedral =          168.2275309     1-4 vdW  =           50.8097269
1-4 Elec =         -983.6116230     vdWaals  =         -108.3471199
Elec.    =          247.1562445     Egb      =         -983.6649926
TOTAL    =        -1554.4892817
