Bond     =           12.2281179     Angle    =           34.8375836
Dihedral =          172.7116050     1-4 vdW  =           54.0360225
1-4 Elec =         -819.0588567     vdWaals  =         -103.0293496
Elec.    =          165.9627381     Egb      =         -983.7996788
TOTAL    =        -1466.1118180
