Bond     =           12.6861317     Angle    =           33.5705243
Dihedral =          184.2432835     1-4 vdW  =           54.4042574
1-4 Elec =         -885.6419653     vdWaals  =          -86.7468715
Elec.    =          122.0269042     Egb      =         -895.8835073
TOTAL    =        -1461.3412430
