Bond     =           11.7867869     Angle    =           33.5627266
Dihedral =          163.8976286     1-4 vdW  =           50.9213736
1-4 Elec =         -712.6176332     vdWaals  =         -102.5467724
Elec.    =          167.4356424     Egb      =        -1005.0099591
TOTAL    =        -1392.5702066
