Bond     =           10.8019018     Angle    =           32.2249501
Dihedral =          163.5123083     1-4 vdW  =           50.4816040
1-4 Elec =         -538.7322244     vdWaals  =         -110.7987919
Elec.    =           82.9357096     Egb      =        -1005.4477722
TOTAL    =        -1315.0223145
