Bond     =           11.6973215     Angle    =           31.3532831
Dihedral =          174.5004076     1-4 vdW  =           51.1269441
1-4 Elec =         -709.2812968     vdWaals  =          -98.9003377
Elec.    =          150.7316725     Egb      =         -990.0628825
TOTAL    =        -1378.8348880
