Bond     =           13.4850293     Angle    =           36.9861537
Dihedral =          190.2455928     1-4 vdW  =           54.1057108
1-4 Elec =         -709.3037318     vdWaals  =          -89.5901923
Elec.    =           77.3302940     Egb      =         -931.1373928
TOTAL    =        -1357.8785363
