Bond     =           11.8542157     Angle    =           34.7424945
Dihedral =          180.3926909     1-4 vdW  =           53.8246452
1-4 Elec =         -714.7664342     vdWaals  =          -97.5994868
Elec.    =           83.6197807     Egb      =         -936.2573429
TOTAL    =        -1384.1894370
