Bond     =           11.8158547     Angle    =           42.5247936
Dihedral =          197.1182614     1-4 vdW  =           52.9341395
1-4 Elec =         -641.5113713     vdWaals  =         -106.0426451
Elec.    =          -18.2166945     Egb      =         -903.6630575
TOTAL    =        -1365.0407192
