Bond     =           11.7438027     Angle    =           38.4941589
Dihedral =          193.5669693     1-4 vdW  =           50.7818332
1-4 Elec =         -591.6181090     vdWaals  =         -115.8442449
Elec.    =           12.3603235     Egb      =         -921.6324277
TOTAL    =        -1322.1476941
