Bond     =           11.4974790     Angle    =           38.6420677
Dihedral =          187.2968028     1-4 vdW  =           50.9914516
1-4 Elec =         -590.4192650     vdWaals  =         -116.4181513
Elec.    =           38.9378550     Egb      =         -934.6275297
TOTAL    =        -1314.0992900
