Bond     =           13.2333735     Angle    =           34.1679274
Dihedral =          172.8721271     1-4 vdW  =           51.4641769
1-4 Elec =         -948.7285997     vdWaals  =          -91.4791822
Elec.    =          270.5463754     Egb      =         -988.3480800
TOTAL    =        -1486.2718817
