Bond     =           14.1775666     Angle    =           37.7469252
Dihedral =          163.6638465     1-4 vdW  =           50.2709870
1-4 Elec =         -983.7845119     vdWaals  =         -108.3804487
Elec.    =          317.8662088     Egb      =        -1041.0003827
TOTAL    =        -1549.4398092
