Bond     =           13.3924908     Angle    =           38.0280497
Dihedral =          174.8874700     1-4 vdW  =           50.5648211
1-4 Elec =         -877.6126460     vdWaals  =         -100.8936500
Elec.    =          229.5368875     Egb      =         -991.6435854
TOTAL    =        -1463.7401623
