Bond     =           12.6443563     Angle    =           36.6684896
Dihedral =          167.6766948     1-4 vdW  =           49.7292758
1-4 Elec =         -787.0790726     vdWaals  =          -99.2960392
Elec.    =          255.9882091     Egb      =        -1028.3091369
TOTAL    =        -1391.9772231
