Bond     =           13.1596242     Angle    =           44.6391841
Dihedral =          184.4022797     1-4 vdW  =           49.5215875
1-4 Elec =         -778.3672752     vdWaals  =         -104.9489374
Elec.    =           96.8048342     Egb      =         -906.0803258
TOTAL    =        -1400.8690287
