Bond     =           14.8367246     Angle    =           34.0782842
Dihedral =          165.2257246     1-4 vdW  =           51.4204112
1-4 Elec =         -948.7669179     vdWaals  =          -96.7589838
Elec.    =          301.9502647     Egb      =        -1018.3087457
TOTAL    =        -1496.3232380
