Bond     =           13.5856569     Angle    =           35.3353896
Dihedral =          167.5076347     1-4 vdW  =           50.8584430
1-4 Elec =         -952.0436474     vdWaals  =         -100.8430928
Elec.    =          317.5634936     Egb      =        -1025.6608916
TOTAL    =        -1493.6970139
