Bond     =           12.9558540     Angle    =           35.0450251
Dihedral =          170.8837021     1-4 vdW  =           50.3966259
1-4 Elec =         -794.0295828     vdWaals  =          -98.5679171
Elec.    =          247.7053291     Egb      =        -1006.4175597
TOTAL    =        -1382.0285234
