Bond     =           13.0101233     Angle    =           34.5938314
Dihedral =          169.6226512     1-4 vdW  =           49.7203520
1-4 Elec =         -792.1446198     vdWaals  =          -99.4183684
Elec.    =          219.8687397     Egb      =         -987.6861187
TOTAL    =        -1392.4334092
