Bond     =           13.2110850     Angle    =           37.1544081
Dihedral =          175.9712297     1-4 vdW  =           50.0851370
1-4 Elec =         -797.9408728     vdWaals  =          -98.7803545
Elec.    =          252.2581908     Egb      =        -1001.9900710
TOTAL    =        -1370.0312477
