Bond     =           14.1736437     Angle    =           35.8109009
Dihedral =          169.9952939     1-4 vdW  =           50.3544414
1-4 Elec =         -980.8904233     vdWaals  =         -101.9107120
Elec.    =          294.4802449     Egb      =        -1025.9971712
TOTAL    =        -1543.9837819
