Bond     =           13.6954246     Angle    =           35.3297898
Dihedral =          168.7424221     1-4 vdW  =           52.1090607
1-4 Elec =        -1039.3281860     vdWaals  =         -100.0478402
Elec.    =          289.7184905     Egb      =        -1004.4592420
TOTAL    =        -1584.2400806
