Bond     =           13.6404887     Angle    =           35.4907981
Dihedral =          169.3103156     1-4 vdW  =           50.9773457
1-4 Elec =         -947.4623624     vdWaals  =          -91.7755911
Elec.    =          266.0227800     Egb      =         -987.2975247
TOTAL    =        -1491.0937501
