Bond     =           11.5626044     Angle    =           38.3146214
Dihedral =          181.9806251     1-4 vdW  =           51.2789180
1-4 Elec =         -609.6052836     vdWaals  =         -107.8178926
Elec.    =          166.3382410     Egb      =        -1032.2387961
TOTAL    =        -1300.1869623
