Bond     =           13.5615367     Angle    =           39.7537830
Dihedral =          185.9859716     1-4 vdW  =           51.2945803
1-4 Elec =         -766.6509962     vdWaals  =         -114.8469023
Elec.    =           84.7516164     Egb      =         -910.1595325
TOTAL    =        -1416.3099432
