Bond     =           13.7182060     Angle    =           35.2682978
Dihedral =          165.8102123     1-4 vdW  =           51.8761332
1-4 Elec =         -951.1646092     vdWaals  =          -94.8335186
Elec.    =          309.4479809     Egb      =        -1023.8167144
TOTAL    =        -1493.6940121
