Bond     =           13.8755410     Angle    =           44.5987407
Dihedral =          181.2786407     1-4 vdW  =           51.4876038
1-4 Elec =         -935.3466542     vdWaals  =         -107.7465398
Elec.    =          182.7413020     Egb      =         -924.9849690
TOTAL    =        -1494.0963348
