Bond     =           12.9356195     Angle    =           41.1147179
Dihedral =          172.2028389     1-4 vdW  =           50.9048968
1-4 Elec =         -879.6168529     vdWaals  =         -101.6295840
Elec.    =          261.9159648     Egb      =        -1020.6935705
TOTAL    =        -1462.8659696
