Bond     =           13.3932614     Angle    =           36.3463968
Dihedral =          166.3906163     1-4 vdW  =           52.6682548
1-4 Elec =         -941.9705904     vdWaals  =         -101.2193908
Elec.    =          291.0551082     Egb      =        -1031.3482305
TOTAL    =        -1514.6845743
