Bond     =           13.7228466     Angle    =           45.1798810
Dihedral =          181.9445891     1-4 vdW  =           49.7398070
1-4 Elec =         -774.9467228     vdWaals  =         -113.7931084
Elec.    =           98.6102316     Egb      =         -910.7526008
TOTAL    =        -1410.2950768
