Bond     =           12.2376845     Angle    =           41.7422613
Dihedral =          172.2628452     1-4 vdW  =           50.6753331
1-4 Elec =         -701.0330987     vdWaals  =         -102.8922583
Elec.    =           88.4745195     Egb      =         -946.2049599
TOTAL    =        -1384.7376732
