Bond     =           14.2929025     Angle    =           45.8001055
Dihedral =          167.9880119     1-4 vdW  =           51.9935394
1-4 Elec =        -1044.1897430     vdWaals  =         -111.7086953
Elec.    =          302.8738024     Egb      =         -996.6086621
TOTAL    =        -1569.5587387
