Bond     =           13.5690314     Angle    =           39.0280306
Dihedral =          178.2310889     1-4 vdW  =           50.0754666
1-4 Elec =         -766.8842855     vdWaals  =         -115.8568728
Elec.    =          107.3369369     Egb      =         -924.1012349
TOTAL    =        -1418.6018388
