Bond     =           12.7361061     Angle    =           34.7294140
Dihedral =          180.1051115     1-4 vdW  =           51.0484351
1-4 Elec =         -797.1253263     vdWaals  =         -101.0810800
Elec.    =          259.9663187     Egb      =        -1015.3115568
TOTAL    =        -1374.9325778
