Bond     =           13.0001859     Angle    =           35.1255920
Dihedral =          172.5802393     1-4 vdW  =           50.1085144
1-4 Elec =         -797.9618848     vdWaals  =         -100.3513832
Elec.    =          253.7603864     Egb      =        -1009.5366190
TOTAL    =        -1383.2749689
