Bond     =           11.1742331     Angle    =           35.7023132
Dihedral =          173.3712200     1-4 vdW  =           49.5276489
1-4 Elec =         -544.5928392     vdWaals  =         -110.9868436
Elec.    =           81.1575927     Egb      =         -988.9479710
TOTAL    =        -1293.5946460
