Bond     =           13.0632700     Angle    =           34.7727357
Dihedral =          170.5119218     1-4 vdW  =           52.3771317
1-4 Elec =         -936.1108516     vdWaals  =          -99.2119358
Elec.    =          267.7522792     Egb      =        -1016.4562382
TOTAL    =        -1513.3016872
