Bond     =           13.3900448     Angle    =           37.8645437
Dihedral =          174.8232784     1-4 vdW  =           50.0229887
1-4 Elec =         -779.0431981     vdWaals  =         -100.5882666
Elec.    =          158.9211952     Egb      =         -941.2189627
TOTAL    =        -1385.8283767
