Bond     =           12.6738077     Angle    =           33.9085381
Dihedral =          178.6087118     1-4 vdW  =           49.7932309
1-4 Elec =         -739.3650363     vdWaals  =         -111.3214680
Elec.    =          290.0286903     Egb      =        -1059.9159476
TOTAL    =        -1345.5894730
