Bond     =           12.7972933     Angle    =           35.3020817
Dihedral =          169.2918430     1-4 vdW  =           52.1837768
1-4 Elec =         -934.5779855     vdWaals  =         -103.1208469
Elec.    =          246.7768918     Egb      =         -997.0766607
TOTAL    =        -1518.4236066
