Bond     =           13.6816010     Angle    =           35.1633524
Dihedral =          173.6267439     1-4 vdW  =           50.8537007
1-4 Elec =         -942.7290577     vdWaals  =          -92.3879474
Elec.    =          215.4189333     Egb      =         -942.2375637
TOTAL    =        -1488.6102376
