Bond     =           12.9563247     Angle    =           38.2482248
Dihedral =          175.5352065     1-4 vdW  =           49.8336511
1-4 Elec =         -895.2368112     vdWaals  =          -95.3246277
Elec.    =          305.2236876     Egb      =        -1029.3621548
TOTAL    =        -1438.1264989
