Bond     =           14.1013240     Angle    =           45.5109244
Dihedral =          182.7511452     1-4 vdW  =           49.1529711
1-4 Elec =         -776.4980954     vdWaals  =         -107.7748973
Elec.    =          121.3074450     Egb      =         -922.6040732
TOTAL    =        -1394.0532562
