Bond     =           13.5618923     Angle    =           36.7055047
Dihedral =          165.3359571     1-4 vdW  =           51.5696741
1-4 Elec =         -975.1526904     vdWaals  =         -110.3548347
Elec.    =          272.2410463     Egb      =        -1009.0408317
TOTAL    =        -1555.1342822
