Bond     =           14.3501213     Angle    =           44.7655447
Dihedral =          181.6317633     1-4 vdW  =           50.6070494
1-4 Elec =         -939.2792016     vdWaals  =         -106.6647214
Elec.    =          180.1905159     Egb      =         -923.7851297
TOTAL    =        -1498.1840581
