Bond     =           12.6986215     Angle    =           38.0179623
Dihedral =          166.7189455     1-4 vdW  =           49.7685951
1-4 Elec =         -789.5314126     vdWaals  =         -100.9712239
Elec.    =          269.0001850     Egb      =        -1034.2326270
TOTAL    =        -1388.5309541
