Bond     =           13.2757649     Angle    =           36.9184650
Dihedral =          167.0004558     1-4 vdW  =           50.9758326
1-4 Elec =         -942.4404110     vdWaals  =          -95.0636085
Elec.    =          234.4663856     Egb      =         -960.9737680
TOTAL    =        -1495.8408836
