Bond     =           12.9938695     Angle    =           37.8731788
Dihedral =          178.0763342     1-4 vdW  =           50.4797388
1-4 Elec =         -722.3115469     vdWaals  =         -114.3867033
Elec.    =          265.8032477     Egb      =        -1063.7637183
TOTAL    =        -1355.2355995
