Bond     =           14.4148840     Angle    =           38.3050632
Dihedral =          186.8565124     1-4 vdW  =           50.0427725
1-4 Elec =         -784.5711265     vdWaals  =          -94.6296155
Elec.    =          146.4379653     Egb      =         -928.0982540
TOTAL    =        -1371.2417986
