Bond     =           14.0355693     Angle    =           35.8200740
Dihedral =          164.1329988     1-4 vdW  =           52.8485473
1-4 Elec =        -1044.4545880     vdWaals  =         -103.1124737
Elec.    =          289.6961497     Egb      =         -996.8503967
TOTAL    =        -1587.8841192
