Bond     =           12.9290567     Angle    =           35.2165870
Dihedral =          174.4898595     1-4 vdW  =           50.2358927
1-4 Elec =         -793.1574372     vdWaals  =          -98.1656254
Elec.    =          200.9451962     Egb      =         -963.6174453
TOTAL    =        -1381.1239159
