Bond     =           13.0211657     Angle    =           34.6973864
Dihedral =          172.8041967     1-4 vdW  =           49.8902747
1-4 Elec =         -795.0237594     vdWaals  =          -94.5076291
Elec.    =          190.6846748     Egb      =         -958.1045294
TOTAL    =        -1386.5382197
