Bond     =           12.9802519     Angle    =           37.3175129
Dihedral =          175.7903286     1-4 vdW  =           50.3617890
1-4 Elec =         -792.2359014     vdWaals  =          -97.5186769
Elec.    =          211.7710295     Egb      =         -971.2861880
TOTAL    =        -1372.8198543
