Bond     =           15.4478365     Angle    =           40.2038196
Dihedral =          179.6235876     1-4 vdW  =           51.5347751
1-4 Elec =        -1038.3552692     vdWaals  =          -99.5531240
Elec.    =          274.5028632     Egb      =         -985.1811872
TOTAL    =        -1561.7766984
