Bond     =           13.2840855     Angle    =           35.2560267
Dihedral =          182.4270921     1-4 vdW  =           50.0888837
1-4 Elec =         -787.2883659     vdWaals  =          -91.6545876
Elec.    =          178.6430457     Egb      =         -949.2327458
TOTAL    =        -1368.4765656
