Bond     =           12.3779270     Angle    =           44.7105955
Dihedral =          174.6166869     1-4 vdW  =           49.3198616
1-4 Elec =         -700.8929804     vdWaals  =          -96.3983193
Elec.    =           81.3038132     Egb      =         -944.6986306
TOTAL    =        -1379.6610461
