Bond     =           13.9453688     Angle    =           43.6141660
Dihedral =          182.4026793     1-4 vdW  =           51.9111728
1-4 Elec =         -933.1702041     vdWaals  =         -107.1168203
Elec.    =          179.2649061     Egb      =         -919.9009951
TOTAL    =        -1489.0497266
