Bond     =           13.7853083     Angle    =           36.8215737
Dihedral =          167.7951172     1-4 vdW  =           52.3186894
1-4 Elec =         -950.1991566     vdWaals  =          -90.8586940
Elec.    =          286.2739896     Egb      =        -1006.2009818
TOTAL    =        -1490.2641542
