Bond     =           14.5585799     Angle    =           46.1471003
Dihedral =          173.4828817     1-4 vdW  =           51.6842131
1-4 Elec =        -1046.1660612     vdWaals  =         -109.0469955
Elec.    =          302.8573172     Egb      =         -995.2087036
TOTAL    =        -1561.6916681
