Bond     =           13.2521732     Angle    =           40.3505894
Dihedral =          173.9611681     1-4 vdW  =           48.9235359
1-4 Elec =         -891.1515319     vdWaals  =          -94.4179682
Elec.    =          243.7680558     Egb      =         -983.6939517
TOTAL    =        -1449.0079294
