Bond     =           13.2817330     Angle    =           34.3571290
Dihedral =          168.0366428     1-4 vdW  =           51.5736793
1-4 Elec =         -946.8562067     vdWaals  =          -86.9591916
Elec.    =          229.4669531     Egb      =         -954.3932479
TOTAL    =        -1491.4925089
