Bond     =           12.3855981     Angle    =           43.1470001
Dihedral =          176.1856821     1-4 vdW  =           50.7029172
1-4 Elec =         -761.7620119     vdWaals  =          -94.4456803
Elec.    =          123.2208876     Egb      =         -960.9119170
TOTAL    =        -1411.4775241
