Bond     =           13.8404737     Angle    =           34.4776309
Dihedral =          169.9192285     1-4 vdW  =           51.1922828
1-4 Elec =         -943.3698351     vdWaals  =          -93.7654671
Elec.    =          243.2508176     Egb      =         -971.8615983
TOTAL    =        -1496.3164669
