Bond     =           12.6294843     Angle    =           35.6183580
Dihedral =          184.1919717     1-4 vdW  =           49.9965256
1-4 Elec =         -776.6393722     vdWaals  =          -97.9678909
Elec.    =          155.7770123     Egb      =         -946.4128726
TOTAL    =        -1382.8067837
