Bond     =           11.4223924     Angle    =           37.2204660
Dihedral =          173.7335774     1-4 vdW  =           49.1809392
1-4 Elec =         -544.3764542     vdWaals  =         -109.4733967
Elec.    =           75.7541735     Egb      =         -981.0740208
TOTAL    =        -1287.6123232
