Bond     =           11.5987709     Angle    =           38.7567539
Dihedral =          182.8838468     1-4 vdW  =           51.4374066
1-4 Elec =         -605.8321008     vdWaals  =         -111.9469020
Elec.    =          156.3001403     Egb      =        -1022.5370073
TOTAL    =        -1299.3390916
