Bond     =           13.2604215     Angle    =           34.4694090
Dihedral =          167.8623715     1-4 vdW  =           52.7610011
1-4 Elec =         -932.0642098     vdWaals  =         -101.2859436
Elec.    =          239.2426157     Egb      =         -993.6243264
TOTAL    =        -1519.3786610
