Bond     =           11.7608949     Angle    =           36.8679470
Dihedral =          183.1543270     1-4 vdW  =           51.6221708
1-4 Elec =         -601.4352032     vdWaals  =         -118.2899536
Elec.    =           92.8317204     Egb      =         -971.8747927
TOTAL    =        -1315.3628894
