Bond     =           13.3257256     Angle    =           38.1101697
Dihedral =          187.6923128     1-4 vdW  =           49.7868081
1-4 Elec =         -777.0724694     vdWaals  =          -99.3678756
Elec.    =          151.0681016     Egb      =         -935.9999125
TOTAL    =        -1372.4571397
