Bond     =           13.5793184     Angle    =           36.9829950
Dihedral =          172.8357769     1-4 vdW  =           51.3759064
1-4 Elec =         -787.2306606     vdWaals  =         -100.9403817
Elec.    =          227.0778585     Egb      =         -999.4964300
TOTAL    =        -1385.8156171
