Bond     =           12.7301863     Angle    =           35.0435869
Dihedral =          175.3879407     1-4 vdW  =           49.2822538
1-4 Elec =         -712.5371080     vdWaals  =         -104.4539599
Elec.    =          136.2022579     Egb      =         -976.7451978
TOTAL    =        -1385.0900401
