Bond     =           12.1014561     Angle    =           40.7713048
Dihedral =          178.2798741     1-4 vdW  =           49.4393042
1-4 Elec =         -533.4982383     vdWaals  =         -106.6338992
Elec.    =           40.9509217     Egb      =         -976.0194489
TOTAL    =        -1294.6087255
