Bond     =           10.5223850     Angle    =           34.1685958
Dihedral =          186.0648728     1-4 vdW  =           51.4768481
1-4 Elec =         -405.1306012     vdWaals  =         -116.6937418
Elec.    =          -88.5328997     Egb      =         -935.2780906
TOTAL    =        -1263.4026315
