Bond     =           11.4539226     Angle    =           33.4963087
Dihedral =          181.3307637     1-4 vdW  =           51.4251307
1-4 Elec =         -586.5300936     vdWaals  =         -106.6310134
Elec.    =           85.4925810     Egb      =        -1011.3280144
TOTAL    =        -1341.2904146
