Bond     =           14.0692263     Angle    =           34.8393032
Dihedral =          171.4492962     1-4 vdW  =           52.0620281
1-4 Elec =         -873.8399074     vdWaals  =         -106.1635579
Elec.    =          178.0246765     Egb      =         -959.1577481
TOTAL    =        -1488.7166833
