Bond     =           10.5161985     Angle    =           35.6545819
Dihedral =          185.9654638     1-4 vdW  =           51.8982317
1-4 Elec =         -403.1924431     vdWaals  =         -107.0213634
Elec.    =          -86.8202564     Egb      =         -948.2337981
TOTAL    =        -1261.2333851
