Bond     =           11.9151248     Angle    =           35.2546551
Dihedral =          181.8800062     1-4 vdW  =           53.0132298
1-4 Elec =         -756.4233500     vdWaals  =         -106.0080433
Elec.    =          112.3751352     Egb      =         -958.7697073
TOTAL    =        -1426.7629496
