Bond     =           12.3832978     Angle    =           36.8578482
Dihedral =          175.1627554     1-4 vdW  =           51.7561908
1-4 Elec =         -797.7123356     vdWaals  =         -106.9796597
Elec.    =          122.7937067     Egb      =         -961.3711133
TOTAL    =        -1467.1093097
