Bond     =           12.7869516     Angle    =           33.5716765
Dihedral =          180.0083634     1-4 vdW  =           51.3119731
1-4 Elec =         -697.0169727     vdWaals  =         -110.7704944
Elec.    =           91.6741065     Egb      =         -962.8722481
TOTAL    =        -1401.3066439
