Bond     =           11.0155890     Angle    =           35.1215907
Dihedral =          193.7146251     1-4 vdW  =           51.1729592
1-4 Elec =         -505.8822284     vdWaals  =          -95.7442593
Elec.    =           67.9212632     Egb      =         -973.0036463
TOTAL    =        -1215.6841066
