Bond     =           12.3011521     Angle    =           35.5835342
Dihedral =          166.2891884     1-4 vdW  =           51.9537309
1-4 Elec =         -696.4760819     vdWaals  =         -131.9989457
Elec.    =          149.3400529     Egb      =        -1010.8717284
TOTAL    =        -1423.8790975
