Bond     =           10.3838251     Angle    =           35.5167153
Dihedral =          168.1687769     1-4 vdW  =           51.8258257
1-4 Elec =         -414.1285152     vdWaals  =         -126.9865032
Elec.    =          -49.4947622     Egb      =         -949.4645520
TOTAL    =        -1274.1791895
