Bond     =           11.1299361     Angle    =           35.6803422
Dihedral =          168.0283265     1-4 vdW  =           52.8361826
1-4 Elec =         -575.2231792     vdWaals  =         -121.4115047
Elec.    =            1.5626112     Egb      =         -945.9052798
TOTAL    =        -1373.3025651
