Bond     =           12.5188852     Angle    =           33.8767070
Dihedral =          154.6174230     1-4 vdW  =           49.8557668
1-4 Elec =         -666.4376586     vdWaals  =         -112.4953251
Elec.    =          196.0291643     Egb      =        -1019.0591700
TOTAL    =        -1351.0942074
