Bond     =           11.6934686     Angle    =           38.4683119
Dihedral =          160.4120380     1-4 vdW  =           53.8318204
1-4 Elec =         -683.1720427     vdWaals  =         -117.4396301
Elec.    =           88.0929532     Egb      =         -992.3284620
TOTAL    =        -1440.4415428
