Bond     =           12.4339998     Angle    =           34.4589209
Dihedral =          159.0541850     1-4 vdW  =           50.7777842
1-4 Elec =         -664.3664841     vdWaals  =         -110.1728144
Elec.    =          203.4084792     Egb      =        -1030.2174906
TOTAL    =        -1344.6234201
