Bond     =           11.2901076     Angle    =           38.1924575
Dihedral =          167.1966954     1-4 vdW  =           51.1354673
1-4 Elec =         -540.0914052     vdWaals  =         -119.3000767
Elec.    =           81.9642483     Egb      =        -1003.6186391
TOTAL    =        -1313.2311449
