Bond     =           12.4134880     Angle    =           40.3984937
Dihedral =          170.3775550     1-4 vdW  =           53.4117018
1-4 Elec =         -762.2175272     vdWaals  =         -112.6676047
Elec.    =          176.4928236     Egb      =        -1014.8407863
TOTAL    =        -1436.6318561
