Bond     =           13.0484090     Angle    =           33.9377097
Dihedral =          163.4527831     1-4 vdW  =           51.4446003
1-4 Elec =         -823.3696385     vdWaals  =         -110.1481691
Elec.    =          237.9790808     Egb      =        -1010.2438940
TOTAL    =        -1443.8991186
