Bond     =           12.6240005     Angle    =           40.0274282
Dihedral =          177.5787082     1-4 vdW  =           52.3386778
1-4 Elec =         -756.7491218     vdWaals  =         -107.9860142
Elec.    =           82.9577458     Egb      =         -929.7571411
TOTAL    =        -1428.9657165
