Bond     =           14.0876740     Angle    =           36.4897259
Dihedral =          161.2606835     1-4 vdW  =           51.6407065
1-4 Elec =        -1044.3858666     vdWaals  =         -108.7675542
Elec.    =          260.7638357     Egb      =         -954.0194765
TOTAL    =        -1582.9302717
