Bond     =           13.3316064     Angle    =           36.8062684
Dihedral =          168.3325026     1-4 vdW  =           53.2299232
1-4 Elec =         -991.1580395     vdWaals  =         -101.3778667
Elec.    =          200.4609929     Egb      =         -931.5713648
TOTAL    =        -1551.9459776
