Bond     =           11.8124342     Angle    =           40.5126809
Dihedral =          184.6796272     1-4 vdW  =           51.2730687
1-4 Elec =         -593.3646519     vdWaals  =         -103.0737944
Elec.    =            2.9776343     Egb      =         -909.4934995
TOTAL    =        -1314.6765004
