Bond     =           12.6072446     Angle    =           36.4184692
Dihedral =          178.9508144     1-4 vdW  =           52.8997656
1-4 Elec =         -886.9491077     vdWaals  =         -100.9241159
Elec.    =          145.8092871     Egb      =         -917.3568364
TOTAL    =        -1478.5444791
