Bond     =           13.9918553     Angle    =           38.7705074
Dihedral =          169.7397192     1-4 vdW  =           53.5985035
1-4 Elec =         -935.9244925     vdWaals  =         -108.0959244
Elec.    =          172.3229113     Egb      =         -923.6566764
TOTAL    =        -1519.2535965
