Bond     =           12.6105499     Angle    =           35.2957220
Dihedral =          171.7818039     1-4 vdW  =           51.7793329
1-4 Elec =         -830.4882244     vdWaals  =          -95.2514128
Elec.    =          141.3696397     Egb      =         -933.0721445
TOTAL    =        -1445.9747332
