Bond     =           12.9241231     Angle    =           37.5932453
Dihedral =          170.9102453     1-4 vdW  =           49.7418578
1-4 Elec =         -809.3133324     vdWaals  =         -111.7356645
Elec.    =          127.8290308     Egb      =         -931.3577504
TOTAL    =        -1453.4082450
