Bond     =           13.9489681     Angle    =           35.3979349
Dihedral =          170.0049242     1-4 vdW  =           50.8412331
1-4 Elec =         -990.7992232     vdWaals  =         -112.2032394
Elec.    =          318.7269089     Egb      =        -1017.5522746
TOTAL    =        -1531.6347680
