Bond     =           12.5251787     Angle    =           37.0046080
Dihedral =          175.1599231     1-4 vdW  =           52.1336593
1-4 Elec =         -825.1604494     vdWaals  =         -108.6125111
Elec.    =          136.9988347     Egb      =         -928.0456692
TOTAL    =        -1447.9964260
