Bond     =           13.3556953     Angle    =           37.1889859
Dihedral =          175.7398764     1-4 vdW  =           53.5494481
1-4 Elec =         -933.2453096     vdWaals  =         -110.7942854
Elec.    =          209.4028344     Egb      =         -957.6870047
TOTAL    =        -1512.4897596
