Bond     =           13.1471492     Angle    =           37.1453774
Dihedral =          176.4158849     1-4 vdW  =           53.4027100
1-4 Elec =         -930.2411471     vdWaals  =         -112.7227460
Elec.    =          191.6869399     Egb      =         -942.4705692
TOTAL    =        -1513.6364009
