Bond     =           12.7966686     Angle    =           41.7871832
Dihedral =          181.7625971     1-4 vdW  =           50.3616512
1-4 Elec =         -765.1170601     vdWaals  =         -106.5127070
Elec.    =          122.0790475     Egb      =         -952.3514571
TOTAL    =        -1415.1940765
