Bond     =           13.5319400     Angle    =           36.4003271
Dihedral =          176.9370193     1-4 vdW  =           51.0756492
1-4 Elec =         -941.9064171     vdWaals  =         -112.4727783
Elec.    =          190.1115587     Egb      =         -920.0895566
TOTAL    =        -1506.4122577
