Bond     =           12.1362488     Angle    =           38.6136727
Dihedral =          167.7693166     1-4 vdW  =           48.4354339
1-4 Elec =         -641.2628654     vdWaals  =         -117.7535513
Elec.    =           88.9093589     Egb      =         -968.0898375
TOTAL    =        -1371.2422233
