Bond     =           12.4957349     Angle    =           31.8077263
Dihedral =          170.9053626     1-4 vdW  =           51.3310960
1-4 Elec =         -780.9581107     vdWaals  =         -102.8571267
Elec.    =          180.8192533     Egb      =         -961.1015365
TOTAL    =        -1397.5576008
