Bond     =           10.4754338     Angle    =           33.1822890
Dihedral =          182.0464247     1-4 vdW  =           52.4988006
1-4 Elec =         -550.0385931     vdWaals  =         -105.4064201
Elec.    =          -25.0323798     Egb      =         -895.7351864
TOTAL    =        -1298.0096313
