Bond     =            9.5401556     Angle    =           33.2371697
Dihedral =          178.0390181     1-4 vdW  =           51.7808646
1-4 Elec =         -376.2558662     vdWaals  =         -105.2350848
Elec.    =         -104.2980195     Egb      =         -902.9247185
TOTAL    =        -1216.1164809
