Bond     =           12.5400908     Angle    =           34.0490625
Dihedral =          168.2564904     1-4 vdW  =           48.8943176
1-4 Elec =         -730.3319744     vdWaals  =         -106.0084276
Elec.    =          156.9335405     Egb      =         -949.2449087
TOTAL    =        -1364.9118090
