Bond     =           11.7045259     Angle    =           32.9769883
Dihedral =          184.1111294     1-4 vdW  =           50.3715086
1-4 Elec =         -622.1843826     vdWaals  =         -115.8186440
Elec.    =           96.5439188     Egb      =         -928.0669446
TOTAL    =        -1290.3619002
