Bond     =           12.9894780     Angle    =           32.9469770
Dihedral =          189.3202876     1-4 vdW  =           52.3949163
1-4 Elec =         -775.8609833     vdWaals  =         -117.3416187
Elec.    =          107.9137280     Egb      =         -918.6371568
TOTAL    =        -1416.2743720
