Bond     =           11.1015925     Angle    =           34.3435533
Dihedral =          180.0085871     1-4 vdW  =           53.3675125
1-4 Elec =         -654.8804252     vdWaals  =         -104.7383933
Elec.    =          122.2612687     Egb      =         -996.9367641
TOTAL    =        -1355.4730684
