Bond     =           12.2074549     Angle    =           40.7861786
Dihedral =          173.1382312     1-4 vdW  =           54.0143187
1-4 Elec =         -821.2593457     vdWaals  =         -106.2061651
Elec.    =          181.8472983     Egb      =         -987.6495300
TOTAL    =        -1453.1215592
