Bond     =           10.8597074     Angle    =           36.6536081
Dihedral =          179.4450560     1-4 vdW  =           53.1454884
1-4 Elec =         -550.6850061     vdWaals  =         -117.1516147
Elec.    =           84.7625576     Egb      =         -988.4374274
TOTAL    =        -1291.4076307
