Bond     =           10.1622805     Angle    =           34.2159884
Dihedral =          179.8658936     1-4 vdW  =           52.8700523
1-4 Elec =         -487.5484645     vdWaals  =         -118.3614196
Elec.    =           42.5118521     Egb      =         -979.0680101
TOTAL    =        -1265.3518275
