Bond     =           11.8370492     Angle    =           37.8442973
Dihedral =          171.0099964     1-4 vdW  =           52.9608970
1-4 Elec =         -757.8654451     vdWaals  =         -111.2629040
Elec.    =          147.7933753     Egb      =         -983.5362800
TOTAL    =        -1431.2190137
