Bond     =           11.1700361     Angle    =           34.2636309
Dihedral =          170.9767504     1-4 vdW  =           51.5187551
1-4 Elec =         -596.9930808     vdWaals  =         -113.2867410
Elec.    =           78.8398090     Egb      =         -972.8753431
TOTAL    =        -1336.3861835
