Bond     =           11.6506290     Angle    =           36.0746224
Dihedral =          173.4099866     1-4 vdW  =           51.5353324
1-4 Elec =         -593.6744273     vdWaals  =         -119.1787384
Elec.    =          107.1322414     Egb      =         -998.9349208
TOTAL    =        -1331.9852747
