Bond     =           12.2030808     Angle    =           33.5236900
Dihedral =          175.4971548     1-4 vdW  =           51.3144327
1-4 Elec =         -594.9204585     vdWaals  =         -104.9283961
Elec.    =          112.3711992     Egb      =        -1012.7486240
TOTAL    =        -1327.6879211
