Bond     =           11.0842703     Angle    =           36.1678367
Dihedral =          175.5598507     1-4 vdW  =           53.7479384
1-4 Elec =         -656.8370562     vdWaals  =         -110.0933459
Elec.    =           92.3263005     Egb      =         -963.1135215
TOTAL    =        -1361.1577271
