Bond     =            9.6033961     Angle    =           33.8343834
Dihedral =          179.9054307     1-4 vdW  =           52.8742376
1-4 Elec =         -390.2133258     vdWaals  =         -116.6894092
Elec.    =            4.9255801     Egb      =         -971.1214767
TOTAL    =        -1196.8811837
