Bond     =           11.3762429     Angle    =           36.9461212
Dihedral =          173.6513198     1-4 vdW  =           53.7127215
1-4 Elec =         -657.1526134     vdWaals  =         -105.5131584
Elec.    =           81.4001581     Egb      =         -955.9604190
TOTAL    =        -1361.5396272
