Bond     =           11.7734878     Angle    =           35.6109896
Dihedral =          167.7226090     1-4 vdW  =           52.1592466
1-4 Elec =         -598.6821001     vdWaals  =         -113.8917649
Elec.    =           75.9037098     Egb      =         -971.3136410
TOTAL    =        -1340.7174632
