Bond     =            9.8869628     Angle    =           36.6442921
Dihedral =          176.5828563     1-4 vdW  =           53.0860709
1-4 Elec =         -376.6922065     vdWaals  =         -118.0736859
Elec.    =          -18.1846259     Egb      =         -979.8551939
TOTAL    =        -1216.6055301
