Bond     =           11.3086565     Angle    =           38.5087671
Dihedral =          171.3095218     1-4 vdW  =           53.5008639
1-4 Elec =         -640.7868667     vdWaals  =         -110.1980411
Elec.    =           76.2692215     Egb      =         -981.4719864
TOTAL    =        -1381.5598635
