Bond     =           10.9895420     Angle    =           32.5443519
Dihedral =          182.4063744     1-4 vdW  =           53.8568480
1-4 Elec =         -654.8525123     vdWaals  =         -103.5098577
Elec.    =          112.3399838     Egb      =         -985.0224268
TOTAL    =        -1351.2476968
