Bond     =           11.4719304     Angle    =           37.0611046
Dihedral =          175.8606406     1-4 vdW  =           53.8902976
1-4 Elec =         -657.5185346     vdWaals  =         -105.5593043
Elec.    =           90.5073149     Egb      =         -963.8869577
TOTAL    =        -1358.1735086
