Bond     =           10.1899489     Angle    =           31.9282545
Dihedral =          183.3138746     1-4 vdW  =           53.6098491
1-4 Elec =         -489.0717360     vdWaals  =         -118.0455972
Elec.    =           30.1176021     Egb      =         -961.7048245
TOTAL    =        -1259.6626286
