Bond     =           10.7162853     Angle    =           36.8964382
Dihedral =          180.4038963     1-4 vdW  =           53.6140026
1-4 Elec =         -657.1646006     vdWaals  =         -116.9980410
Elec.    =          140.6662082     Egb      =         -995.9825870
TOTAL    =        -1347.8483980
