Bond     =           12.8927996     Angle    =           38.9630547
Dihedral =          174.2245401     1-4 vdW  =           50.3983173
1-4 Elec =         -802.2204235     vdWaals  =         -114.8799716
Elec.    =          133.7559726     Egb      =         -961.8482054
TOTAL    =        -1468.7139162
