Bond     =           14.8396903     Angle    =           50.6918707
Dihedral =          187.1307895     1-4 vdW  =           55.1253752
1-4 Elec =        -1181.2403097     vdWaals  =          -96.6125760
Elec.    =          341.3981184     Egb      =         -948.1742928
TOTAL    =        -1576.8413345
