Bond     =           12.5859797     Angle    =           39.1637903
Dihedral =          178.1018141     1-4 vdW  =           50.6196376
1-4 Elec =         -700.9969364     vdWaals  =         -108.6092421
Elec.    =           72.7493609     Egb      =         -935.7971568
TOTAL    =        -1392.1827528
