Bond     =           12.7429531     Angle    =           39.5538594
Dihedral =          171.1534526     1-4 vdW  =           50.5160143
1-4 Elec =         -803.9210779     vdWaals  =         -116.2105756
Elec.    =          169.9744713     Egb      =         -993.8863421
TOTAL    =        -1470.0772449
