Bond     =           13.9989265     Angle    =           43.2050824
Dihedral =          175.6298977     1-4 vdW  =           53.8400193
1-4 Elec =        -1089.8372448     vdWaals  =          -96.4702489
Elec.    =          258.5636374     Egb      =         -959.9048463
TOTAL    =        -1600.9747768
