Bond     =           14.3011603     Angle    =           44.5136460
Dihedral =          191.4001789     1-4 vdW  =           53.6674474
1-4 Elec =        -1127.9384135     vdWaals  =         -106.2013036
Elec.    =          346.4896236     Egb      =         -964.1975814
TOTAL    =        -1547.9652423
