Bond     =           12.0484420     Angle    =           37.7843535
Dihedral =          178.6222948     1-4 vdW  =           50.0953843
1-4 Elec =         -703.6784081     vdWaals  =         -107.0234760
Elec.    =           89.7634908     Egb      =         -947.8870374
TOTAL    =        -1390.2749562
