Bond     =           13.9404592     Angle    =           39.0215302
Dihedral =          177.8284822     1-4 vdW  =           50.2944015
1-4 Elec =        -1007.0244701     vdWaals  =          -95.4138783
Elec.    =          322.9622433     Egb      =        -1006.5573198
TOTAL    =        -1504.9485517
