Bond     =           14.0990600     Angle    =           37.5987092
Dihedral =          167.2226075     1-4 vdW  =           54.0738132
1-4 Elec =        -1095.6318254     vdWaals  =         -111.1616629
Elec.    =          245.6370896     Egb      =         -938.6922156
TOTAL    =        -1626.8544244
