Bond     =           12.3371472     Angle    =           36.4796406
Dihedral =          178.7506592     1-4 vdW  =           50.9496030
1-4 Elec =         -774.6776878     vdWaals  =          -93.9292176
Elec.    =          158.7373799     Egb      =         -957.9971411
TOTAL    =        -1389.3496166
