Bond     =           12.6676191     Angle    =           42.8269783
Dihedral =          178.0723070     1-4 vdW  =           51.1682340
1-4 Elec =         -829.1963028     vdWaals  =          -99.6622797
Elec.    =          121.2037199     Egb      =         -916.8454591
TOTAL    =        -1439.7651833
