Bond     =           14.4366052     Angle    =           41.1053959
Dihedral =          168.6879489     1-4 vdW  =           52.6301604
1-4 Elec =        -1097.7850079     vdWaals  =         -106.7272790
Elec.    =          255.9257388     Egb      =         -949.7095368
TOTAL    =        -1621.4359745
