Bond     =           13.4798418     Angle    =           34.8586099
Dihedral =          182.5460776     1-4 vdW  =           52.2337467
1-4 Elec =         -867.1773705     vdWaals  =         -112.9608542
Elec.    =           97.9659626     Egb      =         -899.6476121
TOTAL    =        -1498.7015982
