Bond     =           12.5671477     Angle    =           36.1763391
Dihedral =          182.5275409     1-4 vdW  =           52.7501618
1-4 Elec =         -753.5085485     vdWaals  =         -107.7758553
Elec.    =           51.5418010     Egb      =         -911.1651778
TOTAL    =        -1436.8865911
