Bond     =           12.4050896     Angle    =           37.7104247
Dihedral =          174.9919188     1-4 vdW  =           48.2428344
1-4 Elec =         -716.8256235     vdWaals  =          -98.9876404
Elec.    =          127.4184779     Egb      =         -938.0846419
TOTAL    =        -1353.1291604
