Bond     =           11.6246492     Angle    =           38.0436735
Dihedral =          188.8249023     1-4 vdW  =           49.9120687
1-4 Elec =         -596.7663185     vdWaals  =          -97.4002590
Elec.    =           49.8636076     Egb      =         -930.0453699
TOTAL    =        -1285.9430462
