Bond     =           11.8116955     Angle    =           34.3781441
Dihedral =          202.3340418     1-4 vdW  =           52.1090792
1-4 Elec =         -591.8645255     vdWaals  =         -103.0652658
Elec.    =           13.5098951     Egb      =         -907.3719492
TOTAL    =        -1288.1588850
