Bond     =           14.0020598     Angle    =           42.1666298
Dihedral =          210.4751402     1-4 vdW  =           51.1758206
1-4 Elec =         -756.5701607     vdWaals  =         -105.1088787
Elec.    =           74.5309821     Egb      =         -907.9172351
TOTAL    =        -1377.2456420
