Bond     =           13.6780430     Angle    =           46.5342346
Dihedral =          215.1015912     1-4 vdW  =           52.8258495
1-4 Elec =         -639.5249006     vdWaals  =          -99.5938660
Elec.    =           56.1591628     Egb      =         -940.9293173
TOTAL    =        -1295.7492027
