Bond     =           13.4206408     Angle    =           47.9615961
Dihedral =          204.7691281     1-4 vdW  =           52.4812103
1-4 Elec =         -640.0260887     vdWaals  =         -101.4057645
Elec.    =           58.6586700     Egb      =         -933.6919642
TOTAL    =        -1297.8325721
