Bond     =           14.3131390     Angle    =           38.2808191
Dihedral =          175.3019847     1-4 vdW  =           48.2983234
1-4 Elec =         -943.7722394     vdWaals  =         -103.2101999
Elec.    =          406.5247819     Egb      =        -1102.5227622
TOTAL    =        -1466.7861534
