Bond     =           16.2173822     Angle    =           41.4614188
Dihedral =          184.2918347     1-4 vdW  =           50.8366794
1-4 Elec =        -1115.6652469     vdWaals  =         -100.2621829
Elec.    =          292.8039252     Egb      =         -938.3714285
TOTAL    =        -1568.6876181
