Bond     =           15.1694314     Angle    =           41.1813979
Dihedral =          181.7823246     1-4 vdW  =           50.2042044
1-4 Elec =        -1057.6238676     vdWaals  =         -104.3128663
Elec.    =          298.0270257     Egb      =         -960.8318861
TOTAL    =        -1536.4042360
