Bond     =           13.2304459     Angle    =           33.0291996
Dihedral =          190.2120433     1-4 vdW  =           50.7286905
1-4 Elec =         -877.2903571     vdWaals  =         -102.6751841
Elec.    =          168.6646436     Egb      =         -943.0295687
TOTAL    =        -1467.1300870
