Bond     =           12.0277971     Angle    =           46.6491941
Dihedral =          205.5796146     1-4 vdW  =           52.3796408
1-4 Elec =         -643.1439373     vdWaals  =          -95.8137363
Elec.    =           22.8349417     Egb      =         -931.0757850
TOTAL    =        -1330.5622702
