Bond     =           11.9450524     Angle    =           38.9674871
Dihedral =          207.1515662     1-4 vdW  =           52.9380762
1-4 Elec =         -587.9700652     vdWaals  =          -99.7062059
Elec.    =          148.1600844     Egb      =        -1052.9945017
TOTAL    =        -1281.5085063
