Bond     =           13.6985168     Angle    =           41.8603304
Dihedral =          213.8064991     1-4 vdW  =           54.7761701
1-4 Elec =         -921.0908807     vdWaals  =          -84.3496101
Elec.    =          340.3015890     Egb      =        -1090.0910129
TOTAL    =        -1431.0883983
