Bond     =           12.9190733     Angle    =           44.5151469
Dihedral =          225.8423615     1-4 vdW  =           53.3052520
1-4 Elec =         -819.7820256     vdWaals  =          -86.9049028
Elec.    =          208.8221570     Egb      =         -992.5287143
TOTAL    =        -1353.8116520
