Bond     =           11.7909334     Angle    =           43.6341911
Dihedral =          209.0193706     1-4 vdW  =           53.3278596
1-4 Elec =         -645.9936109     vdWaals  =          -93.9418407
Elec.    =           15.7757908     Egb      =         -918.8232831
TOTAL    =        -1325.2105891
