Bond     =           13.9494125     Angle    =           37.5574236
Dihedral =          197.5092044     1-4 vdW  =           50.5663011
1-4 Elec =         -868.9650372     vdWaals  =         -104.1991399
Elec.    =          159.6704633     Egb      =         -944.7256329
TOTAL    =        -1458.6370051
