Bond     =           11.6905281     Angle    =           34.7842566
Dihedral =          192.1407075     1-4 vdW  =           50.3307308
1-4 Elec =         -515.7796586     vdWaals  =         -114.8961763
Elec.    =           25.9362948     Egb      =         -985.0546854
TOTAL    =        -1300.8480026
