Bond     =           12.7800189     Angle    =           48.7509900
Dihedral =          216.6555398     1-4 vdW  =           54.2984139
1-4 Elec =         -708.0663573     vdWaals  =         -104.6943046
Elec.    =          121.7256456     Egb      =         -977.4954234
TOTAL    =        -1336.0454771
