Bond     =           13.0040223     Angle    =           36.5354654
Dihedral =          196.0603645     1-4 vdW  =           50.4870888
1-4 Elec =         -696.0091929     vdWaals  =         -113.1359057
Elec.    =           65.7581304     Egb      =         -934.0061711
TOTAL    =        -1381.3061982
