Bond     =           46.4283997     Angle    =           56.7926193
Dihedral =          198.8226758     1-4 vdW  =           51.3575697
1-4 Elec =         -642.1508348     vdWaals  =          -95.9142464
Elec.    =           33.3028278     Egb      =         -942.4506445
TOTAL    =        -1293.8116334
