Bond     =           11.8937202     Angle    =           38.6539856
Dihedral =          178.5169488     1-4 vdW  =           52.2001151
1-4 Elec =         -661.2333810     vdWaals  =         -100.7185932
Elec.    =           54.4398345     Egb      =         -928.4938688
TOTAL    =        -1354.7412388
