Bond     =           10.9875581     Angle    =           39.3093878
Dihedral =          188.5035561     1-4 vdW  =           50.4253564
1-4 Elec =         -496.3876956     vdWaals  =          -99.9505752
Elec.    =           -7.4945422     Egb      =         -925.9924478
TOTAL    =        -1240.5994023
