Bond     =           11.1782281     Angle    =           39.9909789
Dihedral =          193.8921657     1-4 vdW  =           51.1069072
1-4 Elec =         -492.3931785     vdWaals  =         -102.5869983
Elec.    =          -15.1975326     Egb      =         -926.3298298
TOTAL    =        -1240.3392595
