Bond     =           11.5072647     Angle    =           39.7355087
Dihedral =          195.0069873     1-4 vdW  =           54.5464940
1-4 Elec =         -523.9468312     vdWaals  =         -100.2937760
Elec.    =          -82.6591377     Egb      =         -899.2404563
TOTAL    =        -1305.3439464
