Bond     =           12.1096028     Angle    =           36.6881377
Dihedral =          185.1787902     1-4 vdW  =           49.7430092
1-4 Elec =         -529.8897856     vdWaals  =         -104.2842198
Elec.    =          -21.6834811     Egb      =         -913.4595510
TOTAL    =        -1285.5974976
