Bond     =           11.5200103     Angle    =           43.5585598
Dihedral =          198.9908083     1-4 vdW  =           51.6194837
1-4 Elec =         -292.7927925     vdWaals  =         -110.7561151
Elec.    =         -147.0335171     Egb      =         -923.3562689
TOTAL    =        -1168.2498314
