Bond     =           11.5605294     Angle    =           44.7044375
Dihedral =          195.4801373     1-4 vdW  =           51.5302576
1-4 Elec =         -294.0917188     vdWaals  =         -114.8851515
Elec.    =         -169.3188155     Egb      =         -901.4582517
TOTAL    =        -1176.4785757
