Bond     =           12.2892033     Angle    =           31.6134263
Dihedral =          180.9936052     1-4 vdW  =           50.3365608
1-4 Elec =         -651.8554747     vdWaals  =         -106.2022265
Elec.    =          102.5575731     Egb      =         -965.4247557
TOTAL    =        -1345.6920882
