Bond     =           13.6727421     Angle    =           32.8768235
Dihedral =          185.4343075     1-4 vdW  =           52.2724071
1-4 Elec =         -936.2439581     vdWaals  =          -89.0457864
Elec.    =          224.2306175     Egb      =         -956.9348008
TOTAL    =        -1473.7376476
