Bond     =           13.9442912     Angle    =           36.1019255
Dihedral =          181.3901483     1-4 vdW  =           51.5187094
1-4 Elec =         -940.8905553     vdWaals  =         -104.6093946
Elec.    =          192.8142096     Egb      =         -923.2805882
TOTAL    =        -1493.0112541
