Bond     =           12.2498449     Angle    =           31.8659329
Dihedral =          169.6617974     1-4 vdW  =           49.7076207
1-4 Elec =         -622.4010162     vdWaals  =          -93.3516665
Elec.    =          139.0112537     Egb      =         -982.3943363
TOTAL    =        -1295.6505694
