Bond     =           12.6812414     Angle    =           35.0552689
Dihedral =          176.0221964     1-4 vdW  =           51.8044162
1-4 Elec =         -756.1581934     vdWaals  =         -105.3340100
Elec.    =          156.0446778     Egb      =         -998.5548885
TOTAL    =        -1428.4392912
