Bond     =           10.6417602     Angle    =           37.8072976
Dihedral =          167.9424974     1-4 vdW  =           51.4114772
1-4 Elec =         -402.7550623     vdWaals  =         -106.4635133
Elec.    =          -43.2408919     Egb      =         -989.1459183
TOTAL    =        -1273.8023533
