Bond     =           14.3347141     Angle    =           35.5284210
Dihedral =          170.2459478     1-4 vdW  =           49.9587427
1-4 Elec =         -885.4859447     vdWaals  =         -104.7017361
Elec.    =          263.1272725     Egb      =        -1002.9106356
TOTAL    =        -1459.9032183
