Bond     =           12.1337616     Angle    =           32.8685644
Dihedral =          174.7484790     1-4 vdW  =           50.2817967
1-4 Elec =         -678.2220663     vdWaals  =          -95.8959557
Elec.    =          128.5112777     Egb      =         -950.2009055
TOTAL    =        -1325.7750481
