Bond     =           12.8307857     Angle    =           43.8068260
Dihedral =          199.5629596     1-4 vdW  =           50.3932029
1-4 Elec =         -716.4113691     vdWaals  =         -108.2141098
Elec.    =          210.6672061     Egb      =        -1024.5778025
TOTAL    =        -1331.9423012
