Bond     =           15.1231712     Angle    =           49.4439913
Dihedral =          199.3143709     1-4 vdW  =           54.3762266
1-4 Elec =         -922.3430838     vdWaals  =          -96.8952394
Elec.    =          140.6471239     Egb      =         -901.1959515
TOTAL    =        -1461.5293907
