Bond     =           14.2519105     Angle    =           50.3324508
Dihedral =          193.3158152     1-4 vdW  =           53.3389856
1-4 Elec =         -745.0034053     vdWaals  =          -98.0598635
Elec.    =           37.4977770     Egb      =         -891.7758881
TOTAL    =        -1386.1022178
