Bond     =           15.2555179     Angle    =           40.5015262
Dihedral =          193.1315194     1-4 vdW  =           56.0717308
1-4 Elec =        -1094.9781580     vdWaals  =         -102.0051263
Elec.    =          261.1540829     Egb      =         -939.0083455
TOTAL    =        -1569.8772526
