Bond     =           15.2678932     Angle    =           52.1768011
Dihedral =          188.9556630     1-4 vdW  =           51.5855361
1-4 Elec =         -702.5518465     vdWaals  =         -106.8241458
Elec.    =          113.6195913     Egb      =         -960.4770831
TOTAL    =        -1348.2475906
