Bond     =           13.6758848     Angle    =           40.3025656
Dihedral =          185.2710971     1-4 vdW  =           49.1076457
1-4 Elec =         -943.5625319     vdWaals  =         -109.4315192
Elec.    =          273.1416513     Egb      =         -988.4655361
TOTAL    =        -1479.9607427
