Bond     =           13.4021423     Angle    =           42.6039541
Dihedral =          198.4839286     1-4 vdW  =           50.8062352
1-4 Elec =         -893.6148179     vdWaals  =         -107.9375079
Elec.    =          317.7997410     Egb      =        -1037.0191175
TOTAL    =        -1415.4754421
