Bond     =           13.3335045     Angle    =           49.6448682
Dihedral =          189.4179060     1-4 vdW  =           50.2494472
1-4 Elec =         -593.3749790     vdWaals  =         -106.6137661
Elec.    =          152.7271326     Egb      =        -1027.0965063
TOTAL    =        -1271.7123927
