Bond     =           14.4651179     Angle    =           54.6325332
Dihedral =          187.6360978     1-4 vdW  =           51.7376508
1-4 Elec =         -901.3065405     vdWaals  =         -100.1543723
Elec.    =          279.1295402     Egb      =        -1008.7216003
TOTAL    =        -1422.5815733
