Bond     =           14.7390522     Angle    =           52.8362022
Dihedral =          181.5950879     1-4 vdW  =           49.9692269
1-4 Elec =         -937.3401649     vdWaals  =         -103.6538152
Elec.    =          252.4708798     Egb      =         -977.9215773
TOTAL    =        -1467.3051082
