Bond     =           14.9354788     Angle    =           53.0195592
Dihedral =          183.5973197     1-4 vdW  =           48.6028033
1-4 Elec =         -533.5737522     vdWaals  =         -110.0507777
Elec.    =           91.5120122     Egb      =         -987.7920910
TOTAL    =        -1239.7494476
