Bond     =           14.4561659     Angle    =           45.8329558
Dihedral =          195.3492339     1-4 vdW  =           54.4779433
1-4 Elec =         -921.5227477     vdWaals  =          -96.8528612
Elec.    =          168.8650558     Egb      =         -928.6247036
TOTAL    =        -1468.0189577
