Bond     =           14.1153542     Angle    =           37.7448188
Dihedral =          186.1119417     1-4 vdW  =           54.8230463
1-4 Elec =        -1102.6878047     vdWaals  =         -105.6461543
Elec.    =          269.2454416     Egb      =         -934.4477772
TOTAL    =        -1580.7411337
