Bond     =           13.7514412     Angle    =           43.0151610
Dihedral =          183.1586369     1-4 vdW  =           52.0056956
1-4 Elec =         -717.4571842     vdWaals  =          -97.6377136
Elec.    =          162.7089889     Egb      =         -985.2113926
TOTAL    =        -1345.6663668
