Bond     =           12.8335558     Angle    =           34.7179020
Dihedral =          189.1131314     1-4 vdW  =           53.6242290
1-4 Elec =         -753.1754922     vdWaals  =         -105.6245824
Elec.    =          115.0786664     Egb      =         -964.4478294
TOTAL    =        -1417.8804193
