Bond     =           13.4217903     Angle    =           34.3891862
Dihedral =          192.6524296     1-4 vdW  =           54.7018742
1-4 Elec =         -916.6314859     vdWaals  =         -105.2917083
Elec.    =          233.2877800     Egb      =        -1012.2666035
TOTAL    =        -1505.7367374
