Bond     =           12.8183413     Angle    =           37.2349639
Dihedral =          195.1520334     1-4 vdW  =           55.0272962
1-4 Elec =         -739.9152691     vdWaals  =         -102.9195481
Elec.    =           91.8912097     Egb      =         -972.2223100
TOTAL    =        -1422.9332828
