Bond     =           11.4183996     Angle    =           33.7231201
Dihedral =          173.7114618     1-4 vdW  =           50.1722402
1-4 Elec =         -593.7155143     vdWaals  =         -109.9291564
Elec.    =           68.0712332     Egb      =         -966.0362913
TOTAL    =        -1332.5845071
