Bond     =           13.3451674     Angle    =           35.8701598
Dihedral =          187.1263933     1-4 vdW  =           55.2110229
1-4 Elec =         -919.3048536     vdWaals  =         -101.3635056
Elec.    =          282.2185864     Egb      =        -1058.4595410
TOTAL    =        -1505.3565705
