Bond     =           12.8408211     Angle    =           35.7950770
Dihedral =          155.6670470     1-4 vdW  =           50.2705540
1-4 Elec =         -821.4974781     vdWaals  =         -116.2006512
Elec.    =          263.9245218     Egb      =        -1048.0679468
TOTAL    =        -1467.2680552
