Bond     =           13.2504035     Angle    =           36.9840757
Dihedral =          153.3699406     1-4 vdW  =           50.2036353
1-4 Elec =         -823.7635082     vdWaals  =         -109.9364193
Elec.    =          256.8571892     Egb      =        -1043.9896235
TOTAL    =        -1467.0243067
