Bond     =           12.8931541     Angle    =           37.9969259
Dihedral =          169.6783862     1-4 vdW  =           52.9704046
1-4 Elec =         -865.0610621     vdWaals  =         -128.1477521
Elec.    =          160.8260597     Egb      =         -968.2725557
TOTAL    =        -1527.1164395
