Bond     =           12.6183531     Angle    =           34.8360384
Dihedral =          172.0214614     1-4 vdW  =           51.8564929
1-4 Elec =         -876.1158649     vdWaals  =         -114.1614784
Elec.    =          193.7192263     Egb      =         -965.0911069
TOTAL    =        -1490.3168782
