Bond     =           13.7806880     Angle    =           37.0046366
Dihedral =          196.7743746     1-4 vdW  =           52.0581849
1-4 Elec =         -865.6801540     vdWaals  =         -100.3132219
Elec.    =          159.1458603     Egb      =         -952.3369476
TOTAL    =        -1459.5665791
