Bond     =           13.5209961     Angle    =           32.0100864
Dihedral =          196.3545211     1-4 vdW  =           52.5444239
1-4 Elec =         -941.1445184     vdWaals  =          -89.4380983
Elec.    =          183.4265606     Egb      =         -916.5207444
TOTAL    =        -1469.2467731
