Bond     =           14.2242736     Angle    =           34.9604141
Dihedral =          202.7503602     1-4 vdW  =           52.6256203
1-4 Elec =        -1035.9207984     vdWaals  =          -91.0757393
Elec.    =          220.2126004     Egb      =         -947.4902773
TOTAL    =        -1549.7135464
