Bond     =           10.8419326     Angle    =           31.6672132
Dihedral =          204.1944545     1-4 vdW  =           54.7596497
1-4 Elec =         -551.1253804     vdWaals  =          -98.7691593
Elec.    =          -50.1810548     Egb      =         -862.1070066
TOTAL    =        -1260.7193512
