Bond     =           12.9118314     Angle    =           36.3350725
Dihedral =          155.7832508     1-4 vdW  =           53.0521511
1-4 Elec =         -876.1101979     vdWaals  =         -112.6205052
Elec.    =          255.7171704     Egb      =        -1028.5613759
TOTAL    =        -1503.4926027
