Bond     =           11.4882613     Angle    =           36.7738844
Dihedral =          174.1423980     1-4 vdW  =           52.2304616
1-4 Elec =         -623.8148217     vdWaals  =         -125.9651007
Elec.    =           86.7769298     Egb      =        -1008.9064781
TOTAL    =        -1397.2744654
