Bond     =           12.0339665     Angle    =           37.5888452
Dihedral =          166.6205308     1-4 vdW  =           52.4528479
1-4 Elec =         -700.1849292     vdWaals  =         -104.5352768
Elec.    =          191.3517866     Egb      =        -1057.5671470
TOTAL    =        -1402.2393760
