Bond     =           11.4329612     Angle    =           38.9966992
Dihedral =          177.8534253     1-4 vdW  =           54.0441295
1-4 Elec =         -638.1889724     vdWaals  =         -111.0211795
Elec.    =           -6.2936713     Egb      =         -906.9920440
TOTAL    =        -1380.1686522
