Bond     =           11.9987765     Angle    =           38.1880343
Dihedral =          182.8870654     1-4 vdW  =           53.1584936
1-4 Elec =         -753.7021872     vdWaals  =         -117.5583292
Elec.    =           59.6972004     Egb      =         -900.7874659
TOTAL    =        -1426.1184122
