Bond     =           13.0725212     Angle    =           36.3498407
Dihedral =          162.0329820     1-4 vdW  =           53.0182065
1-4 Elec =         -875.9610229     vdWaals  =         -109.7352175
Elec.    =          276.6665194     Egb      =        -1047.8019476
TOTAL    =        -1492.3581181
