Bond     =           11.9723782     Angle    =           35.7807330
Dihedral =          182.8568906     1-4 vdW  =           52.3688924
1-4 Elec =         -695.4619982     vdWaals  =         -125.4177926
Elec.    =           37.9410276     Egb      =         -912.4622910
TOTAL    =        -1412.4221601
