Bond     =           11.9489589     Angle    =           28.2249468
Dihedral =          201.5246311     1-4 vdW  =           50.9713217
1-4 Elec =         -706.6006835     vdWaals  =          -83.2296051
Elec.    =          146.5296263     Egb      =         -999.4238093
TOTAL    =        -1350.0546132
