Bond     =           12.9672040     Angle    =           29.3833416
Dihedral =          200.1112553     1-4 vdW  =           52.1722619
1-4 Elec =         -945.2165331     vdWaals  =          -84.7103780
Elec.    =          180.3303286     Egb      =         -915.9735209
TOTAL    =        -1470.9360405
