Bond     =           11.8177844     Angle    =           29.5275001
Dihedral =          208.4391405     1-4 vdW  =           53.6200640
1-4 Elec =         -731.6146302     vdWaals  =          -73.8015603
Elec.    =           82.2125704     Egb      =         -897.8977642
TOTAL    =        -1317.6968953
