Bond     =           12.6529418     Angle    =           29.4790545
Dihedral =          204.3643571     1-4 vdW  =           52.2381242
1-4 Elec =         -839.0313858     vdWaals  =          -82.9327745
Elec.    =          145.2695590     Egb      =         -915.6051287
TOTAL    =        -1393.5652524
