Bond     =           10.8708302     Angle    =           29.5430970
Dihedral =          211.2848439     1-4 vdW  =           53.4749763
1-4 Elec =         -557.5088493     vdWaals  =          -78.6528534
Elec.    =           -0.4759603     Egb      =         -901.8648654
TOTAL    =        -1233.3287810
