Bond     =           13.3967529     Angle    =           37.2376737
Dihedral =          183.1835188     1-4 vdW  =           53.5737630
1-4 Elec =         -920.2003071     vdWaals  =         -100.1921875
Elec.    =          146.8844916     Egb      =         -906.9288230
TOTAL    =        -1493.0451174
