Bond     =           14.1827972     Angle    =           42.0134711
Dihedral =          193.7279087     1-4 vdW  =           53.1142939
1-4 Elec =         -860.6638327     vdWaals  =         -116.8378368
Elec.    =          151.7784651     Egb      =         -928.7178758
TOTAL    =        -1451.4026092
