Bond     =           12.9386963     Angle    =           42.9861986
Dihedral =          192.2907656     1-4 vdW  =           54.3566062
1-4 Elec =         -745.8677387     vdWaals  =         -110.3169330
Elec.    =           94.7380791     Egb      =         -933.8682408
TOTAL    =        -1392.7425669
