Bond     =           14.0106725     Angle    =           34.3856483
Dihedral =          174.4247406     1-4 vdW  =           52.0877710
1-4 Elec =        -1046.7743376     vdWaals  =         -110.1922613
Elec.    =          250.1187577     Egb      =         -944.4195204
TOTAL    =        -1576.3585291
