Bond     =           13.2871071     Angle    =           33.1754839
Dihedral =          175.1879757     1-4 vdW  =           50.2313983
1-4 Elec =         -884.8849655     vdWaals  =         -105.8454366
Elec.    =          200.0275828     Egb      =         -951.0432874
TOTAL    =        -1469.8641418
