Bond     =           12.2465140     Angle    =           35.4168078
Dihedral =          173.8887760     1-4 vdW  =           52.6351439
1-4 Elec =         -510.9486010     vdWaals  =         -130.1562555
Elec.    =          -10.8988127     Egb      =         -963.6406747
TOTAL    =        -1341.4571022
