Bond     =           13.0867205     Angle    =           35.6593780
Dihedral =          168.6828765     1-4 vdW  =           53.0657585
1-4 Elec =         -869.3607854     vdWaals  =         -108.7916837
Elec.    =          211.3835975     Egb      =         -994.4131891
TOTAL    =        -1490.6873272
