Bond     =           12.6148182     Angle    =           33.9336680
Dihedral =          179.6219913     1-4 vdW  =           52.0380263
1-4 Elec =         -766.0641896     vdWaals  =         -113.5328296
Elec.    =           43.3409103     Egb      =         -878.6653936
TOTAL    =        -1436.7129987
