Bond     =           12.5290957     Angle    =           36.3650237
Dihedral =          171.4361489     1-4 vdW  =           53.6973630
1-4 Elec =         -752.9518781     vdWaals  =         -101.1105735
Elec.    =          134.3205331     Egb      =         -984.9752709
TOTAL    =        -1430.6895581
