Bond     =           11.7816243     Angle    =           41.9806299
Dihedral =          176.0880231     1-4 vdW  =           52.7373127
1-4 Elec =         -559.8681706     vdWaals  =         -105.3947912
Elec.    =          -39.3831333     Egb      =         -934.5753348
TOTAL    =        -1356.6338399
