Bond     =           11.4145877     Angle    =           38.1204604
Dihedral =          183.6765793     1-4 vdW  =           52.1555556
1-4 Elec =         -469.7289563     vdWaals  =         -102.7046164
Elec.    =          -66.1849329     Egb      =         -919.9658399
TOTAL    =        -1273.2171624
