Bond     =           11.8822964     Angle    =           42.0607414
Dihedral =          177.7996120     1-4 vdW  =           53.7638859
1-4 Elec =         -619.2689354     vdWaals  =         -105.0542624
Elec.    =           -7.4136250     Egb      =         -942.5916618
TOTAL    =        -1388.8219490
