Bond     =           11.9710719     Angle    =           32.8870653
Dihedral =          181.5240307     1-4 vdW  =           50.0500083
1-4 Elec =         -601.9840026     vdWaals  =         -105.8579453
Elec.    =           23.8305248     Egb      =         -902.0999923
TOTAL    =        -1309.6792391
