Bond     =           12.3295303     Angle    =           32.6057073
Dihedral =          164.9618494     1-4 vdW  =           50.4562361
1-4 Elec =         -707.9192859     vdWaals  =         -108.3714794
Elec.    =          122.1034873     Egb      =         -961.4299428
TOTAL    =        -1395.2638978
