Bond     =           11.1465611     Angle    =           34.4228956
Dihedral =          179.4336074     1-4 vdW  =           51.4691799
1-4 Elec =         -653.9295309     vdWaals  =          -98.3969033
Elec.    =           75.3912961     Egb      =         -949.1486566
TOTAL    =        -1349.6115509
