Bond     =           11.2663438     Angle    =           33.1676234
Dihedral =          172.7639159     1-4 vdW  =           50.8076482
1-4 Elec =         -600.4175795     vdWaals  =         -106.2673422
Elec.    =           59.0844791     Egb      =         -936.4660391
TOTAL    =        -1316.0609505
