Bond     =           13.0602269     Angle    =           35.6647039
Dihedral =          154.9301817     1-4 vdW  =           50.9390436
1-4 Elec =         -896.7493171     vdWaals  =         -110.5766111
Elec.    =          338.1397172     Egb      =        -1066.6730449
TOTAL    =        -1481.2650998
