Bond     =           12.9483168     Angle    =           35.0019471
Dihedral =          174.3075548     1-4 vdW  =           52.4237067
1-4 Elec =         -870.7544002     vdWaals  =         -103.5048953
Elec.    =          232.3679831     Egb      =        -1015.5794166
TOTAL    =        -1482.7892038
