Bond     =           12.4016814     Angle    =           39.3072723
Dihedral =          163.7933989     1-4 vdW  =           52.3447238
1-4 Elec =         -763.8837014     vdWaals  =         -108.4232011
Elec.    =          173.8437154     Egb      =        -1004.6011788
TOTAL    =        -1435.2172894
