Bond     =           12.4281606     Angle    =           35.9699122
Dihedral =          178.3482565     1-4 vdW  =           52.7830822
1-4 Elec =         -751.8015368     vdWaals  =         -106.1266440
Elec.    =          115.3349673     Egb      =         -967.7252589
TOTAL    =        -1430.7890609
