Bond     =           14.4029913     Angle    =           35.4879948
Dihedral =          169.3323891     1-4 vdW  =           52.0587921
1-4 Elec =        -1049.9529195     vdWaals  =          -99.0947470
Elec.    =          361.8585037     Egb      =        -1047.3918218
TOTAL    =        -1563.2988173
