Bond     =           13.1309415     Angle    =           35.4803972
Dihedral =          157.2848812     1-4 vdW  =           51.1289545
1-4 Elec =         -896.9869737     vdWaals  =         -110.6974894
Elec.    =          310.6603028     Egb      =        -1039.6710705
TOTAL    =        -1479.6700564
