Bond     =           13.0562768     Angle    =           38.2537092
Dihedral =          184.3834875     1-4 vdW  =           53.6731770
1-4 Elec =         -808.6783711     vdWaals  =         -101.5111730
Elec.    =           71.8672017     Egb      =         -914.2153963
TOTAL    =        -1463.1710883
