Bond     =           12.9316806     Angle    =           37.7619005
Dihedral =          194.1476425     1-4 vdW  =           51.6331744
1-4 Elec =         -764.2032177     vdWaals  =         -106.8409303
Elec.    =           70.4429585     Egb      =         -903.4145544
TOTAL    =        -1407.5413459
