Bond     =           12.9010761     Angle    =           37.4090176
Dihedral =          192.2356986     1-4 vdW  =           50.6382891
1-4 Elec =         -765.2891436     vdWaals  =          -92.7720084
Elec.    =          110.8574878     Egb      =         -931.2700674
TOTAL    =        -1385.2896501
