Bond     =           11.5080954     Angle    =           36.0883861
Dihedral =          186.1854539     1-4 vdW  =           51.4870151
1-4 Elec =         -591.8225951     vdWaals  =         -109.1318004
Elec.    =           68.0547945     Egb      =         -972.4381714
TOTAL    =        -1320.0688218
