Bond     =           13.3688077     Angle    =           34.3666230
Dihedral =          192.2133600     1-4 vdW  =           51.5344210
1-4 Elec =         -768.0589964     vdWaals  =         -100.0618899
Elec.    =          129.1287998     Egb      =         -945.1596418
TOTAL    =        -1392.6685167
