Bond     =           13.1558695     Angle    =           35.2610587
Dihedral =          186.2296250     1-4 vdW  =           52.3483301
1-4 Elec =         -938.5391731     vdWaals  =         -106.5633297
Elec.    =          201.4587542     Egb      =         -944.2039855
TOTAL    =        -1500.8528507
