Bond     =           12.3884696     Angle    =           34.2042828
Dihedral =          169.3798820     1-4 vdW  =           52.0667625
1-4 Elec =         -770.5640954     vdWaals  =         -106.0420071
Elec.    =          139.7823917     Egb      =         -953.7046994
TOTAL    =        -1422.4890133
