Bond     =           13.0064387     Angle    =           36.0452591
Dihedral =          156.2980172     1-4 vdW  =           49.0421444
1-4 Elec =         -831.1131373     vdWaals  =         -119.1043595
Elec.    =          262.4385985     Egb      =        -1020.7469434
TOTAL    =        -1454.1339822
