Bond     =           12.4201190     Angle    =           34.7741976
Dihedral =          160.6626351     1-4 vdW  =           49.5055137
1-4 Elec =         -725.4438295     vdWaals  =         -113.7139923
Elec.    =          193.9808585     Egb      =         -993.9543075
TOTAL    =        -1381.7688055
