Bond     =           11.8384800     Angle    =           33.6375572
Dihedral =          176.2147616     1-4 vdW  =           50.6267475
1-4 Elec =         -605.8589633     vdWaals  =         -107.1561147
Elec.    =           81.1680794     Egb      =         -953.9378204
TOTAL    =        -1313.4672726
