Bond     =           11.1403619     Angle    =           40.7984061
Dihedral =          174.8435162     1-4 vdW  =           52.2268350
1-4 Elec =         -568.7294307     vdWaals  =         -111.9606343
Elec.    =          -18.4767767     Egb      =         -944.0251606
TOTAL    =        -1364.1828832
