Bond     =           12.9387118     Angle    =           33.1183999
Dihedral =          169.1413612     1-4 vdW  =           52.3374592
1-4 Elec =         -871.4855535     vdWaals  =         -107.4092510
Elec.    =          178.3461240     Egb      =         -962.4322570
TOTAL    =        -1495.4450055
