Bond     =           12.9946935     Angle    =           33.6252148
Dihedral =          172.3946298     1-4 vdW  =           53.6131175
1-4 Elec =         -928.2245710     vdWaals  =         -102.2875049
Elec.    =          177.2515398     Egb      =         -941.8504623
TOTAL    =        -1522.4833426
