Bond     =           12.8075370     Angle    =           36.4500930
Dihedral =          161.0234615     1-4 vdW  =           51.9131695
1-4 Elec =         -870.9087724     vdWaals  =         -108.5009263
Elec.    =          180.0235189     Egb      =         -963.0522673
TOTAL    =        -1500.2441861
