Bond     =           12.1493851     Angle    =           31.7136716
Dihedral =          173.1270275     1-4 vdW  =           50.5985135
1-4 Elec =         -709.7880174     vdWaals  =         -110.7352342
Elec.    =          155.9437383     Egb      =         -991.9282410
TOTAL    =        -1388.9191566
