Bond     =           11.3721463     Angle    =           42.6005607
Dihedral =          188.7861881     1-4 vdW  =           52.7978621
1-4 Elec =         -622.5571382     vdWaals  =          -82.4426373
Elec.    =          -52.7874806     Egb      =         -906.0867602
TOTAL    =        -1368.3172590
