Bond     =           10.8477810     Angle    =           41.8189280
Dihedral =          195.3356309     1-4 vdW  =           52.4792031
1-4 Elec =         -517.6198916     vdWaals  =          -93.1197878
Elec.    =         -111.4185342     Egb      =         -878.9074576
TOTAL    =        -1300.5841282
