Bond     =           13.0659718     Angle    =           34.3631633
Dihedral =          186.0616478     1-4 vdW  =           53.5575329
1-4 Elec =         -913.1802999     vdWaals  =          -89.4882147
Elec.    =          161.3289799     Egb      =         -956.3167498
TOTAL    =        -1510.6079687
