Bond     =           12.1120601     Angle    =           42.4822063
Dihedral =          184.7386239     1-4 vdW  =           53.2976559
1-4 Elec =         -625.0302916     vdWaals  =          -84.2278450
Elec.    =          -52.0742459     Egb      =         -906.9140031
TOTAL    =        -1375.6158394
