Bond     =           11.4274171     Angle    =           41.9001941
Dihedral =          188.1098274     1-4 vdW  =           51.7698643
1-4 Elec =         -466.7631869     vdWaals  =         -100.6099973
Elec.    =          -94.5636021     Egb      =         -908.9087340
TOTAL    =        -1277.6382174
