Bond     =           12.9010881     Angle    =           33.7605095
Dihedral =          177.0710786     1-4 vdW  =           48.6764782
1-4 Elec =         -646.7269549     vdWaals  =         -102.4621643
Elec.    =           87.0174832     Egb      =         -955.1352879
TOTAL    =        -1344.8977696
