Bond     =           11.6786846     Angle    =           44.4115057
Dihedral =          190.8830963     1-4 vdW  =           51.3711798
1-4 Elec =         -299.2922040     vdWaals  =         -107.1107992
Elec.    =         -130.2980831     Egb      =         -925.2717401
TOTAL    =        -1163.6283599
