Bond     =           11.7323823     Angle    =           46.1627434
Dihedral =          187.4592744     1-4 vdW  =           50.0452067
1-4 Elec =         -299.5400662     vdWaals  =         -108.9336684
Elec.    =         -129.3153530     Egb      =         -929.8000313
TOTAL    =        -1172.1895122
