Bond     =           13.8089775     Angle    =           37.6048754
Dihedral =          165.2742475     1-4 vdW  =           53.8116766
1-4 Elec =        -1033.9747211     vdWaals  =         -107.2046190
Elec.    =          259.0178337     Egb      =         -979.1652862
TOTAL    =        -1590.8270156
