Bond     =           10.9613644     Angle    =           34.7437815
Dihedral =          178.3991440     1-4 vdW  =           52.7294635
1-4 Elec =         -598.7167596     vdWaals  =         -117.5160716
Elec.    =           64.5614072     Egb      =         -944.7741887
TOTAL    =        -1319.6118593
