Bond     =           11.9584200     Angle    =           31.6128980
Dihedral =          191.5990695     1-4 vdW  =           53.1756329
1-4 Elec =         -728.9575024     vdWaals  =          -94.3532576
Elec.    =          110.2821523     Egb      =         -916.7413454
TOTAL    =        -1341.4239327
