Bond     =           11.7236826     Angle    =           37.3491974
Dihedral =          169.3126114     1-4 vdW  =           51.9775273
1-4 Elec =         -706.5297693     vdWaals  =         -115.3492260
Elec.    =          143.1305331     Egb      =         -984.4933161
TOTAL    =        -1392.8787596
