Bond     =           12.1453862     Angle    =           33.4448354
Dihedral =          176.3680574     1-4 vdW  =           53.2051524
1-4 Elec =         -836.9811702     vdWaals  =          -94.3785889
Elec.    =          140.5706844     Egb      =         -912.2722948
TOTAL    =        -1427.8979383
