Bond     =           12.5455539     Angle    =           35.9359434
Dihedral =          160.0770002     1-4 vdW  =           52.3991664
1-4 Elec =         -796.6904411     vdWaals  =         -117.9896533
Elec.    =          155.2485915     Egb      =         -995.7441081
TOTAL    =        -1494.2179470
