Bond     =           11.8733487     Angle    =           38.1410166
Dihedral =          158.6632958     1-4 vdW  =           51.6806568
1-4 Elec =         -693.6599682     vdWaals  =         -115.1851650
Elec.    =          125.9080384     Egb      =        -1007.0449621
TOTAL    =        -1429.6237389
