Bond     =           12.9082352     Angle    =           38.5542839
Dihedral =          165.3422130     1-4 vdW  =           51.7781959
1-4 Elec =         -936.4462007     vdWaals  =         -111.4146631
Elec.    =          211.0700841     Egb      =         -954.6726217
TOTAL    =        -1522.8804735
