Bond     =           11.9214525     Angle    =           35.6618560
Dihedral =          175.9405175     1-4 vdW  =           51.2209622
1-4 Elec =         -663.4448132     vdWaals  =         -104.8685367
Elec.    =           89.4441048     Egb      =         -938.1801136
TOTAL    =        -1342.3045706
