Bond     =           11.8929943     Angle    =           38.6022906
Dihedral =          179.0643284     1-4 vdW  =           52.1406859
1-4 Elec =         -648.4036752     vdWaals  =         -109.3631239
Elec.    =           58.3568184     Egb      =         -933.9426179
TOTAL    =        -1351.6522993
