Bond     =           12.3037025     Angle    =           40.8566591
Dihedral =          180.8780287     1-4 vdW  =           51.9827638
1-4 Elec =         -643.2860068     vdWaals  =         -114.4185524
Elec.    =           98.3419798     Egb      =         -972.8500515
TOTAL    =        -1346.1914767
