Bond     =           13.3065129     Angle    =           34.2088635
Dihedral =          175.6313196     1-4 vdW  =           50.0378797
1-4 Elec =         -841.7615866     vdWaals  =         -100.2034833
Elec.    =          176.1546708     Egb      =         -936.1468803
TOTAL    =        -1428.7727036
