Bond     =           12.0449074     Angle    =           39.1439988
Dihedral =          165.6071751     1-4 vdW  =           49.5784438
1-4 Elec =         -694.7225228     vdWaals  =         -115.1591976
Elec.    =          101.9045315     Egb      =         -969.8366136
TOTAL    =        -1411.4392774
