Bond     =           12.5830697     Angle    =           35.0191151
Dihedral =          171.8932695     1-4 vdW  =           50.4145480
1-4 Elec =         -843.4891346     vdWaals  =         -102.6982751
Elec.    =          190.0073532     Egb      =         -942.9102311
TOTAL    =        -1429.1802853
