Bond     =           13.1932985     Angle    =           38.6091660
Dihedral =          163.9866983     1-4 vdW  =           53.3811828
1-4 Elec =         -927.4941742     vdWaals  =         -108.3833830
Elec.    =          182.8444830     Egb      =         -954.2525198
TOTAL    =        -1538.1152482
