Bond     =           13.4565628     Angle    =           38.0553994
Dihedral =          163.3982559     1-4 vdW  =           53.5762923
1-4 Elec =         -923.6919875     vdWaals  =          -99.9144093
Elec.    =          204.4135244     Egb      =         -983.2729114
TOTAL    =        -1533.9792735
