Bond     =           13.5611377     Angle    =           40.4410089
Dihedral =          170.5423441     1-4 vdW  =           54.3769624
1-4 Elec =        -1057.7438402     vdWaals  =         -103.0290066
Elec.    =          265.0818634     Egb      =         -958.1369447
TOTAL    =        -1574.9064750
