Bond     =           13.4533532     Angle    =           39.3415979
Dihedral =          150.8275113     1-4 vdW  =           50.9119805
1-4 Elec =         -928.1615030     vdWaals  =         -124.7054754
Elec.    =          338.3650496     Egb      =        -1084.8108124
TOTAL    =        -1544.7782983
