Bond     =           13.5651182     Angle    =           40.8039040
Dihedral =          164.7981788     1-4 vdW  =           52.7924550
1-4 Elec =         -999.9760757     vdWaals  =         -107.8290544
Elec.    =          255.9831043     Egb      =         -968.1217833
TOTAL    =        -1547.9841530
