Bond     =           13.2149794     Angle    =           39.7276573
Dihedral =          172.5441772     1-4 vdW  =           55.6342396
1-4 Elec =         -979.7095730     vdWaals  =         -113.4509050
Elec.    =          207.4634506     Egb      =         -960.7751517
TOTAL    =        -1565.3511255
