Bond     =           13.8484890     Angle    =           39.9086783
Dihedral =          151.1383949     1-4 vdW  =           51.8471062
1-4 Elec =         -989.2261968     vdWaals  =         -123.8427780
Elec.    =          323.5516327     Egb      =        -1042.8358954
TOTAL    =        -1575.6105690
