Bond     =           14.0296687     Angle    =           38.0950270
Dihedral =          176.4722042     1-4 vdW  =           52.6259438
1-4 Elec =        -1111.3789564     vdWaals  =         -105.8711301
Elec.    =          349.9717370     Egb      =        -1001.5170662
TOTAL    =        -1587.5725720
