Bond     =           14.1396187     Angle    =           44.8501560
Dihedral =          172.2583644     1-4 vdW  =           50.8991149
1-4 Elec =         -979.3958008     vdWaals  =         -114.9430443
Elec.    =          242.5652206     Egb      =         -977.8706396
TOTAL    =        -1547.4970102
