Bond     =           12.6698797     Angle    =           40.6593656
Dihedral =          163.4180874     1-4 vdW  =           51.6821959
1-4 Elec =         -836.7739983     vdWaals  =         -107.0123899
Elec.    =          206.4301750     Egb      =         -976.8925965
TOTAL    =        -1445.8192810
