Bond     =           14.9448933     Angle    =           39.0531095
Dihedral =          166.2735181     1-4 vdW  =           53.9105708
1-4 Elec =        -1110.4243688     vdWaals  =         -107.3840082
Elec.    =          408.1162479     Egb      =        -1074.6788262
TOTAL    =        -1610.1888636
