Bond     =           11.0369348     Angle    =           39.0790704
Dihedral =          179.7153002     1-4 vdW  =           53.4596896
1-4 Elec =         -464.7877943     vdWaals  =          -99.6890135
Elec.    =          -16.8553608     Egb      =        -1000.4722740
TOTAL    =        -1298.5134475
