Bond     =           13.6929657     Angle    =           38.0437218
Dihedral =          167.9869436     1-4 vdW  =           52.9513219
1-4 Elec =         -951.8877900     vdWaals  =         -100.2133032
Elec.    =          305.4591097     Egb      =        -1032.3266421
TOTAL    =        -1506.2936726
