Bond     =           13.9636422     Angle    =           33.9837964
Dihedral =          172.9268893     1-4 vdW  =           51.1365220
1-4 Elec =        -1066.0821908     vdWaals  =          -86.8367260
Elec.    =          335.9386372     Egb      =        -1006.7963337
TOTAL    =        -1551.7657633
