Bond     =           14.2404180     Angle    =           36.1422084
Dihedral =          169.5389436     1-4 vdW  =           51.3353470
1-4 Elec =        -1047.1965024     vdWaals  =         -100.9861597
Elec.    =          315.2648678     Egb      =        -1014.2191385
TOTAL    =        -1575.8800158
