Bond     =           12.5916747     Angle    =           37.4254322
Dihedral =          174.3668057     1-4 vdW  =           52.1242955
1-4 Elec =         -756.1272496     vdWaals  =          -97.2506947
Elec.    =          167.3241199     Egb      =        -1024.3965019
TOTAL    =        -1433.9421182
