Bond     =           11.1107412     Angle    =           40.3960403
Dihedral =          181.4059625     1-4 vdW  =           54.9062065
1-4 Elec =         -520.5568826     vdWaals  =         -105.6505161
Elec.    =          -20.9712794     Egb      =         -972.9972957
TOTAL    =        -1332.3570234
