Bond     =           13.7724810     Angle    =           41.3128871
Dihedral =          179.7405852     1-4 vdW  =           54.8262715
1-4 Elec =         -994.4453957     vdWaals  =         -105.3007692
Elec.    =          290.7582721     Egb      =        -1006.0734571
TOTAL    =        -1525.4091252
