Bond     =           11.2261956     Angle    =           40.2894434
Dihedral =          168.9279613     1-4 vdW  =           51.4489683
1-4 Elec =         -517.5793819     vdWaals  =         -114.8667128
Elec.    =           -0.0897826     Egb      =         -959.5897777
TOTAL    =        -1320.2330864
