Bond     =           10.7825738     Angle    =           38.8032344
Dihedral =          180.1679839     1-4 vdW  =           52.2867925
1-4 Elec =         -408.3849071     vdWaals  =         -121.3742752
Elec.    =            4.5805198     Egb      =        -1012.9766585
TOTAL    =        -1256.1147365
