Bond     =           11.5661811     Angle    =           39.6010165
Dihedral =          178.1283478     1-4 vdW  =           51.6290860
1-4 Elec =         -418.9190429     vdWaals  =         -108.8049846
Elec.    =            2.9547302     Egb      =         -991.2782054
TOTAL    =        -1235.1228712
