Bond     =           11.2533128     Angle    =           39.7017262
Dihedral =          179.6276122     1-4 vdW  =           51.6662565
1-4 Elec =         -589.4957069     vdWaals  =         -116.5036925
Elec.    =          119.9604210     Egb      =        -1028.6320178
TOTAL    =        -1332.4220884
