Bond     =           14.3366938     Angle    =           40.6014409
Dihedral =          186.5420360     1-4 vdW  =           55.4920429
1-4 Elec =        -1165.7578936     vdWaals  =          -95.5158930
Elec.    =          349.1704806     Egb      =         -978.5701930
TOTAL    =        -1593.7012854
