Bond     =            7.3426402     Angle    =           28.8051225
Dihedral =          108.1007395     1-4 vdW  =           29.0759069
1-4 Elec =          -85.2058045     vdWaals  =          -32.5217313
Elec.    =         -254.5717001     Egb      =         -374.9947803
TOTAL    =         -573.9696070
