Bond     =           10.9947511     Angle    =           39.2746649
Dihedral =          134.3868160     1-4 vdW  =           36.9128994
1-4 Elec =         -229.1681711     vdWaals  =          -49.8181321
Elec.    =         -194.4571843     Egb      =         -554.0457455
TOTAL    =         -805.9201017
