Bond     =           10.7563896     Angle    =           37.7749961
Dihedral =          134.4478991     1-4 vdW  =           36.2087975
1-4 Elec =         -228.1939784     vdWaals  =          -46.8049211
Elec.    =         -203.4310315     Egb      =         -545.4634048
TOTAL    =         -804.7052535
