Bond     =           13.9247774     Angle    =           40.6356195
Dihedral =          140.4879694     1-4 vdW  =           37.6004341
1-4 Elec =         -221.5743289     vdWaals  =          -57.2031266
Elec.    =         -231.0344738     Egb      =         -522.6381818
TOTAL    =         -799.8013106
