Bond     =           12.8551157     Angle    =           34.8601784
Dihedral =          145.4722845     1-4 vdW  =           36.4983558
1-4 Elec =         -222.8493526     vdWaals  =          -57.6431227
Elec.    =         -220.1464578     Egb      =         -524.3944314
TOTAL    =         -795.3474302
