Bond     =           10.8741484     Angle    =           34.8295558
Dihedral =          164.7611534     1-4 vdW  =           47.0120993
1-4 Elec =         -614.3944299     vdWaals  =          -77.1323302
Elec.    =           32.0762923     Egb      =         -766.1658880
TOTAL    =        -1168.1393988
