Bond     =           13.6095969     Angle    =           35.0491145
Dihedral =          172.3809641     1-4 vdW  =           51.6397013
1-4 Elec =         -937.9001850     vdWaals  =          -89.6568001
Elec.    =          213.0916775     Egb      =         -948.1502181
TOTAL    =        -1489.9361489
