Bond     =           12.8424277     Angle    =           34.8556364
Dihedral =          170.0684515     1-4 vdW  =           50.3057850
1-4 Elec =         -776.7076244     vdWaals  =          -89.3933264
Elec.    =          164.7002345     Egb      =         -957.1588249
TOTAL    =        -1390.4872406
