Bond     =           14.5554345     Angle    =           49.8296738
Dihedral =          179.8323490     1-4 vdW  =           49.7540147
1-4 Elec =         -992.2075254     vdWaals  =          -88.9940746
Elec.    =          287.0294329     Egb      =         -990.8635431
TOTAL    =        -1491.0642382
