Bond     =           13.7154917     Angle    =           47.9717602
Dihedral =          178.8352607     1-4 vdW  =           50.7003873
1-4 Elec =         -874.8803497     vdWaals  =          -91.3957355
Elec.    =          186.4050717     Egb      =         -966.0715169
TOTAL    =        -1454.7196306
