Bond     =           14.2968165     Angle    =           50.6334441
Dihedral =          178.7262866     1-4 vdW  =           50.2700611
1-4 Elec =         -808.8950034     vdWaals  =          -91.8441923
Elec.    =          224.2248356     Egb      =        -1011.9290859
TOTAL    =        -1394.5168377
