Bond     =           13.8906066     Angle    =           40.5245235
Dihedral =          172.7977392     1-4 vdW  =           51.9731324
1-4 Elec =         -875.4354447     vdWaals  =          -94.0210867
Elec.    =          201.0529185     Egb      =         -971.2695437
TOTAL    =        -1460.4871549
