Bond     =           12.1200994     Angle    =           43.6677583
Dihedral =          183.8583097     1-4 vdW  =           52.0697477
1-4 Elec =         -608.0171385     vdWaals  =          -97.5583200
Elec.    =           82.9985080     Egb      =         -968.5379328
TOTAL    =        -1299.3989682
