Bond     =           13.6900045     Angle    =           52.4938852
Dihedral =          193.1979080     1-4 vdW  =           50.9860711
1-4 Elec =         -872.5751975     vdWaals  =          -79.8213880
Elec.    =          257.1486309     Egb      =        -1025.9807427
TOTAL    =        -1410.8608285
