Bond     =           14.0465866     Angle    =           39.1988319
Dihedral =          157.9756630     1-4 vdW  =           49.4689451
1-4 Elec =         -919.2008282     vdWaals  =         -114.2332396
Elec.    =          273.2781152     Egb      =        -1027.3574123
TOTAL    =        -1526.8233383
