Bond     =           13.2847620     Angle    =           36.6897733
Dihedral =          168.2868590     1-4 vdW  =           52.1664762
1-4 Elec =         -932.3874539     vdWaals  =          -99.0486401
Elec.    =          231.3226315     Egb      =         -983.2014447
TOTAL    =        -1512.8870368
