Bond     =           12.2271167     Angle    =           42.9450669
Dihedral =          173.1698088     1-4 vdW  =           50.6689301
1-4 Elec =         -687.2403648     vdWaals  =          -99.5157650
Elec.    =           96.8345758     Egb      =         -983.5432428
TOTAL    =        -1394.4538743
