Bond     =           12.7946449     Angle    =           36.4707325
Dihedral =          164.5664907     1-4 vdW  =           50.1927477
1-4 Elec =         -786.2851835     vdWaals  =          -92.0161411
Elec.    =          208.7624219     Egb      =         -986.0410984
TOTAL    =        -1391.5553852
