Bond     =           12.3884015     Angle    =           39.0542311
Dihedral =          165.1994416     1-4 vdW  =           50.9199834
1-4 Elec =         -798.7797833     vdWaals  =         -110.3538400
Elec.    =          211.8616751     Egb      =        -1040.9297506
TOTAL    =        -1470.6396413
