Bond     =           13.3361430     Angle    =           35.5575784
Dihedral =          173.5310314     1-4 vdW  =           49.3379229
1-4 Elec =         -781.2606378     vdWaals  =         -109.7319978
Elec.    =          121.0652918     Egb      =         -914.6952990
TOTAL    =        -1412.8599672
