Bond     =           13.1525201     Angle    =           35.4979773
Dihedral =          164.0799454     1-4 vdW  =           50.4693238
1-4 Elec =         -871.1962989     vdWaals  =          -91.8507385
Elec.    =          212.7948485     Egb      =         -995.3756561
TOTAL    =        -1482.4280783
