Bond     =           12.8725088     Angle    =           37.7820765
Dihedral =          172.0792606     1-4 vdW  =           50.4757594
1-4 Elec =         -767.0163375     vdWaals  =         -119.7397341
Elec.    =           97.3800814     Egb      =         -917.6382295
TOTAL    =        -1433.8046145
