Bond     =           12.9558703     Angle    =           37.9520121
Dihedral =          166.6927395     1-4 vdW  =           50.0040993
1-4 Elec =         -736.0761360     vdWaals  =         -115.2414306
Elec.    =          162.0142974     Egb      =        -1011.2771314
TOTAL    =        -1432.9756794
