Bond     =           12.2619314     Angle    =           40.0963903
Dihedral =          166.7819371     1-4 vdW  =           49.8475043
1-4 Elec =         -689.5418450     vdWaals  =         -110.4225832
Elec.    =          101.5809377     Egb      =         -975.3803060
TOTAL    =        -1404.7760334
