Bond     =           12.6783887     Angle    =           37.2225586
Dihedral =          158.8226048     1-4 vdW  =           53.9355065
1-4 Elec =         -863.1171439     vdWaals  =         -117.3584787
Elec.    =          215.9634560     Egb      =        -1015.0749202
TOTAL    =        -1516.9280281
