Bond     =           13.0272193     Angle    =           35.0916217
Dihedral =          159.5428220     1-4 vdW  =           52.7054013
1-4 Elec =         -876.6956482     vdWaals  =         -115.5326711
Elec.    =          245.5129199     Egb      =        -1012.7126830
TOTAL    =        -1499.0610182
