Bond     =           10.9587821     Angle    =           30.7135946
Dihedral =          178.1980039     1-4 vdW  =           50.1417136
1-4 Elec =         -517.1628956     vdWaals  =          -97.5791498
Elec.    =           73.0818490     Egb      =         -954.0879447
TOTAL    =        -1225.7360469
