Bond     =           10.9039062     Angle    =           29.8099556
Dihedral =          179.4208371     1-4 vdW  =           50.1161314
1-4 Elec =         -516.2005192     vdWaals  =          -94.9360863
Elec.    =           46.0806288     Egb      =         -931.1846187
TOTAL    =        -1225.9897651
