Bond     =           13.4267623     Angle    =           36.8936906
Dihedral =          181.9548175     1-4 vdW  =           50.8066530
1-4 Elec =         -939.4654690     vdWaals  =         -100.3284092
Elec.    =          199.1904545     Egb      =         -926.3350682
TOTAL    =        -1483.8565686
