Bond     =           11.7635558     Angle    =           36.9634048
Dihedral =          158.5655864     1-4 vdW  =           52.5852312
1-4 Elec =         -688.1161363     vdWaals  =         -118.7651261
Elec.    =          117.5680720     Egb      =        -1008.8454236
TOTAL    =        -1438.2808359
