Bond     =           12.5100617     Angle    =           37.6640014
Dihedral =          167.6733438     1-4 vdW  =           50.5370050
1-4 Elec =         -701.7347464     vdWaals  =         -113.6659255
Elec.    =          111.0140436     Egb      =         -972.0761716
TOTAL    =        -1408.0783880
