Bond     =           11.9682895     Angle    =           34.8472785
Dihedral =          175.0807738     1-4 vdW  =           51.9800432
1-4 Elec =         -733.2694967     vdWaals  =          -94.7206723
Elec.    =          113.4751490     Egb      =         -937.4253497
TOTAL    =        -1378.0639848
