Bond     =           11.7575861     Angle    =           34.8433238
Dihedral =          169.4515149     1-4 vdW  =           50.7695974
1-4 Elec =         -675.3585423     vdWaals  =          -96.8487858
Elec.    =          127.7414189     Egb      =         -968.9226910
TOTAL    =        -1346.5665781
