Bond     =           11.9828035     Angle    =           35.1263618
Dihedral =          166.0730998     1-4 vdW  =           50.7562655
1-4 Elec =         -678.0484276     vdWaals  =         -105.9015152
Elec.    =          147.5047881     Egb      =         -980.0721548
TOTAL    =        -1352.5787788
