Bond     =           11.7111570     Angle    =           37.0141203
Dihedral =          169.8362745     1-4 vdW  =           51.6987672
1-4 Elec =         -661.1586772     vdWaals  =         -108.4822507
Elec.    =           92.0062353     Egb      =         -958.5092361
TOTAL    =        -1365.8836097
