Bond     =           13.3241010     Angle    =           39.2829769
Dihedral =          171.2053173     1-4 vdW  =           52.0528591
1-4 Elec =         -760.0808886     vdWaals  =         -113.6033712
Elec.    =           75.6246823     Egb      =         -927.7680221
TOTAL    =        -1449.9623453
