Bond     =           13.4981147     Angle    =           42.6820841
Dihedral =          184.0616510     1-4 vdW  =           49.4053641
1-4 Elec =         -710.3294867     vdWaals  =         -109.3819425
Elec.    =           44.8846811     Egb      =         -881.4823078
TOTAL    =        -1366.6618421
