Bond     =           13.2434214     Angle    =           39.8810160
Dihedral =          182.6479088     1-4 vdW  =           50.1228961
1-4 Elec =         -711.4165470     vdWaals  =          -93.6388317
Elec.    =           93.0043675     Egb      =         -933.2169685
TOTAL    =        -1359.3727373
