Bond     =           14.2371017     Angle    =           41.0938160
Dihedral =          168.3962543     1-4 vdW  =           54.0616510
1-4 Elec =        -1099.6481047     vdWaals  =         -105.1451543
Elec.    =          279.7586495     Egb      =         -968.3579085
TOTAL    =        -1615.6036949
