Bond     =           13.8183674     Angle    =           44.9979153
Dihedral =          178.8472617     1-4 vdW  =           50.4052828
1-4 Elec =         -773.4796466     vdWaals  =          -90.2376207
Elec.    =           82.7377139     Egb      =         -894.8509309
TOTAL    =        -1387.7616571
