Bond     =           12.2124808     Angle    =           39.8757589
Dihedral =          177.7508667     1-4 vdW  =           50.4507521
1-4 Elec =         -709.0474307     vdWaals  =         -102.2715810
Elec.    =          109.0911386     Egb      =         -946.4812308
TOTAL    =        -1368.4192454
