Bond     =           13.1852318     Angle    =           41.0781556
Dihedral =          161.8826645     1-4 vdW  =           50.0541034
1-4 Elec =         -827.4576508     vdWaals  =         -106.8246620
Elec.    =          229.7235116     Egb      =         -996.7093828
TOTAL    =        -1435.0680287
