Bond     =           13.2800886     Angle    =           42.4573716
Dihedral =          166.3846075     1-4 vdW  =           51.1831392
1-4 Elec =         -885.4072739     vdWaals  =         -103.8604689
Elec.    =          232.9112043     Egb      =         -977.6203709
TOTAL    =        -1460.6717025
