Bond     =           12.7525698     Angle    =           35.0524845
Dihedral =          172.9019638     1-4 vdW  =           49.9074632
1-4 Elec =         -769.5963009     vdWaals  =         -107.2010220
Elec.    =          194.1188735     Egb      =         -996.4905769
TOTAL    =        -1408.5545451
