Bond     =           11.6286088     Angle    =           34.6249163
Dihedral =          171.4117724     1-4 vdW  =           50.3786832
1-4 Elec =         -598.4890354     vdWaals  =         -105.4044620
Elec.    =           96.9699998     Egb      =         -991.6339371
TOTAL    =        -1330.5134539
