Bond     =           11.0282893     Angle    =           35.8454586
Dihedral =          172.1807032     1-4 vdW  =           51.3020445
1-4 Elec =         -572.2783452     vdWaals  =         -113.0832016
Elec.    =           26.0464444     Egb      =         -982.9497481
TOTAL    =        -1371.9083549
