Bond     =           14.7279578     Angle    =           36.8315217
Dihedral =          176.5707114     1-4 vdW  =           50.5209220
1-4 Elec =         -950.6018892     vdWaals  =         -112.1325205
Elec.    =          224.1941929     Egb      =         -935.7407216
TOTAL    =        -1495.6298256
