Bond     =           10.4792090     Angle    =           41.4244039
Dihedral =          171.4915366     1-4 vdW  =           50.3289080
1-4 Elec =         -413.4265529     vdWaals  =         -103.6705251
Elec.    =          -35.6671425     Egb      =         -971.4784881
TOTAL    =        -1250.5186511
