Bond     =           14.0611797     Angle    =           36.3995520
Dihedral =          172.4501015     1-4 vdW  =           49.6351285
1-4 Elec =         -890.7105995     vdWaals  =         -113.1622799
Elec.    =          226.1102200     Egb      =         -964.2194660
TOTAL    =        -1469.4361637
