Bond     =           13.9360443     Angle    =           37.6885003
Dihedral =          175.8851610     1-4 vdW  =           50.4195547
1-4 Elec =         -950.4740019     vdWaals  =         -108.2190870
Elec.    =          234.0102864     Egb      =         -936.7008635
TOTAL    =        -1483.4544058
