Bond     =           13.2745186     Angle    =           34.9432611
Dihedral =          168.7024539     1-4 vdW  =           49.7954059
1-4 Elec =         -949.4925745     vdWaals  =         -101.8779308
Elec.    =          255.1222979     Egb      =         -970.9282089
TOTAL    =        -1500.4607769
