Bond     =           11.5791238     Angle    =           40.2387658
Dihedral =          175.3826301     1-4 vdW  =           51.8747029
1-4 Elec =         -462.4616676     vdWaals  =         -114.9860678
Elec.    =          -67.4109708     Egb      =         -947.6236923
TOTAL    =        -1313.4071759
