Bond     =           11.2104929     Angle    =           48.6411413
Dihedral =          176.7948114     1-4 vdW  =           50.4026194
1-4 Elec =         -405.9722861     vdWaals  =         -110.0046023
Elec.    =         -100.4227272     Egb      =         -920.7877409
TOTAL    =        -1250.1382915
