Bond     =           11.4902565     Angle    =           49.2237892
Dihedral =          183.4781585     1-4 vdW  =           49.8940041
1-4 Elec =         -407.2673827     vdWaals  =         -111.1516524
Elec.    =          -86.0393641     Egb      =         -928.4422034
TOTAL    =        -1238.8143944
