Bond     =           10.5680747     Angle    =           48.0094955
Dihedral =          174.7131855     1-4 vdW  =           51.0013804
1-4 Elec =         -302.3133199     vdWaals  =         -109.4173166
Elec.    =         -122.5959630     Egb      =         -936.5987258
TOTAL    =        -1186.6331892
