Bond     =           10.6870784     Angle    =           39.7412526
Dihedral =          170.1019228     1-4 vdW  =           51.6624833
1-4 Elec =         -478.7932258     vdWaals  =         -107.6781974
Elec.    =          -22.4763351     Egb      =         -949.3009638
TOTAL    =        -1286.0559852
