Bond     =           10.8880685     Angle    =           38.1272266
Dihedral =          177.3004679     1-4 vdW  =           51.9282902
1-4 Elec =         -489.8946807     vdWaals  =          -98.5644244
Elec.    =          -19.4196973     Egb      =         -931.7318003
TOTAL    =        -1261.3665494
