Bond     =           11.3568838     Angle    =           36.3100899
Dihedral =          164.3244955     1-4 vdW  =           51.2901189
1-4 Elec =         -598.4589662     vdWaals  =         -112.6943044
Elec.    =           62.9379536     Egb      =         -961.1424748
TOTAL    =        -1346.0762036
