Bond     =           11.4285863     Angle    =           45.4229601
Dihedral =          195.1728525     1-4 vdW  =           49.2400899
1-4 Elec =         -410.3859820     vdWaals  =         -103.2617547
Elec.    =         -107.2886767     Egb      =         -893.3948489
TOTAL    =        -1213.0667734
