Bond     =           12.5543545     Angle    =           36.3759222
Dihedral =          170.4732429     1-4 vdW  =           50.9123381
1-4 Elec =         -812.2562973     vdWaals  =         -111.9010531
Elec.    =          244.3037235     Egb      =        -1044.2590784
TOTAL    =        -1453.7968477
