Bond     =           11.8551166     Angle    =           37.3560671
Dihedral =          170.3032832     1-4 vdW  =           52.6076215
1-4 Elec =         -752.1307082     vdWaals  =         -103.2073894
Elec.    =          125.1549519     Egb      =         -989.3155115
TOTAL    =        -1447.3765689
