Bond     =           12.6290765     Angle    =           32.6260169
Dihedral =          163.2402961     1-4 vdW  =           51.5580452
1-4 Elec =         -781.9632549     vdWaals  =          -99.6407528
Elec.    =          213.9483705     Egb      =         -996.3655971
TOTAL    =        -1403.9677996
