Bond     =           12.3206376     Angle    =           33.4276724
Dihedral =          164.0880533     1-4 vdW  =           51.7772628
1-4 Elec =         -785.0985613     vdWaals  =         -101.1642924
Elec.    =          204.6149167     Egb      =         -983.4463489
TOTAL    =        -1403.4806596
