Bond     =           12.4544664     Angle    =           35.6844238
Dihedral =          160.1842653     1-4 vdW  =           51.9942331
1-4 Elec =         -818.8241126     vdWaals  =         -107.1138737
Elec.    =          240.0715196     Egb      =        -1032.9740834
TOTAL    =        -1458.5231614
