Bond     =           12.1679804     Angle    =           35.5959252
Dihedral =          164.2537949     1-4 vdW  =           50.9665272
1-4 Elec =         -710.2766520     vdWaals  =         -102.9454254
Elec.    =          165.6143588     Egb      =        -1006.8202170
TOTAL    =        -1391.4437078
