Bond     =           12.9888305     Angle    =           35.3812427
Dihedral =          163.8985221     1-4 vdW  =           52.8727643
1-4 Elec =         -934.3497310     vdWaals  =         -100.4990407
Elec.    =          239.2358201     Egb      =         -991.5288414
TOTAL    =        -1522.0004334
