Bond     =           12.3302444     Angle    =           36.0780938
Dihedral =          163.0560764     1-4 vdW  =           53.8167462
1-4 Elec =         -877.4577640     vdWaals  =         -104.1788565
Elec.    =          246.3827490     Egb      =        -1013.2555254
TOTAL    =        -1483.2282361
