Bond     =           12.6067996     Angle    =           39.2154773
Dihedral =          163.8637163     1-4 vdW  =           52.6149758
1-4 Elec =         -804.5540212     vdWaals  =         -113.3423285
Elec.    =          215.9833013     Egb      =        -1037.4047666
TOTAL    =        -1471.0168460
