Bond     =           12.7379203     Angle    =           33.2907645
Dihedral =          160.7934967     1-4 vdW  =           51.6142312
1-4 Elec =         -888.1644145     vdWaals  =         -103.8933412
Elec.    =          279.8124730     Egb      =        -1021.0865626
TOTAL    =        -1474.8954326
