Bond     =           12.9851342     Angle    =           36.4791470
Dihedral =          167.4204001     1-4 vdW  =           51.8092628
1-4 Elec =         -867.2753442     vdWaals  =         -104.9141834
Elec.    =          201.9052620     Egb      =         -999.6227982
TOTAL    =        -1501.2131196
