Bond     =           12.0894697     Angle    =           33.8518321
Dihedral =          174.8027747     1-4 vdW  =           50.3219322
1-4 Elec =         -680.4111280     vdWaals  =          -95.1769221
Elec.    =           81.1183102     Egb      =         -902.1690899
TOTAL    =        -1325.5728211
