Bond     =           12.2152904     Angle    =           36.9918720
Dihedral =          164.4942955     1-4 vdW  =           50.2814714
1-4 Elec =         -619.3806597     vdWaals  =         -103.7487209
Elec.    =          131.9433602     Egb      =         -970.6032403
TOTAL    =        -1297.8063316
