Bond     =           11.7413108     Angle    =           34.7698972
Dihedral =          172.6606037     1-4 vdW  =           50.8074007
1-4 Elec =         -577.4797928     vdWaals  =          -87.0244238
Elec.    =           52.8841165     Egb      =         -910.9617076
TOTAL    =        -1252.6025953
