Bond     =           11.1247383     Angle    =           35.8599656
Dihedral =          164.9667457     1-4 vdW  =           50.7386950
1-4 Elec =         -517.7363329     vdWaals  =          -98.8265389
Elec.    =           88.9079691     Egb      =         -964.8907638
TOTAL    =        -1229.8555221
