Bond     =           13.3080625     Angle    =           39.8250359
Dihedral =          175.2801450     1-4 vdW  =           53.3060143
1-4 Elec =         -989.2997479     vdWaals  =          -95.2168370
Elec.    =          191.7012076     Egb      =         -919.3200770
TOTAL    =        -1530.4161966
