Bond     =           10.8565199     Angle    =           33.0376468
Dihedral =          165.1589978     1-4 vdW  =           49.0595340
1-4 Elec =         -352.9176345     vdWaals  =          -98.5948591
Elec.    =           20.2514360     Egb      =         -958.9098414
TOTAL    =        -1132.0582005
