Bond     =           13.3608705     Angle    =           40.5438313
Dihedral =          196.1591595     1-4 vdW  =           52.6561015
1-4 Elec =         -757.5166339     vdWaals  =         -109.9116339
Elec.    =           85.3042838     Egb      =         -904.4679339
TOTAL    =        -1383.8719549
