Bond     =           12.0702216     Angle    =           39.1105484
Dihedral =          184.0412081     1-4 vdW  =           54.7202966
1-4 Elec =         -638.8667272     vdWaals  =         -106.5488585
Elec.    =           34.2785246     Egb      =         -939.4950261
TOTAL    =        -1360.6898125
