Bond     =           11.8375654     Angle    =           34.7897898
Dihedral =          200.6141982     1-4 vdW  =           52.3621921
1-4 Elec =         -656.7114623     vdWaals  =          -97.5513159
Elec.    =           79.7476222     Egb      =         -946.6545241
TOTAL    =        -1321.5659347
