Bond     =           12.6070235     Angle    =           33.8240786
Dihedral =          191.3618445     1-4 vdW  =           50.5446223
1-4 Elec =         -704.8034445     vdWaals  =         -103.2721627
Elec.    =          124.9705301     Egb      =         -960.4266414
TOTAL    =        -1355.1941495
