Bond     =           13.0037450     Angle    =           31.5345944
Dihedral =          197.7669088     1-4 vdW  =           50.6109967
1-4 Elec =         -777.9265237     vdWaals  =          -98.8184841
Elec.    =          157.9995589     Egb      =         -933.9112536
TOTAL    =        -1359.7404577
