Bond     =           13.1298181     Angle    =           39.4924960
Dihedral =          189.5151829     1-4 vdW  =           52.4301857
1-4 Elec =         -638.9161321     vdWaals  =         -106.3407483
Elec.    =           44.5212413     Egb      =         -945.0951650
TOTAL    =        -1351.2631214
