Bond     =           12.1682210     Angle    =           38.8562346
Dihedral =          181.4015921     1-4 vdW  =           51.4602858
1-4 Elec =         -573.0563135     vdWaals  =         -115.7081903
Elec.    =          -18.2519781     Egb      =         -918.8149377
TOTAL    =        -1341.9450862
