Bond     =           10.9805850     Angle    =           38.7194097
Dihedral =          177.5555515     1-4 vdW  =           51.5844553
1-4 Elec =         -514.6599297     vdWaals  =         -109.9890964
Elec.    =           -1.6489520     Egb      =         -959.8597072
TOTAL    =        -1307.3176839
