Bond     =           11.2971772     Angle    =           39.7527252
Dihedral =          164.3662707     1-4 vdW  =           51.3725074
1-4 Elec =         -620.8951584     vdWaals  =         -115.0138256
Elec.    =           57.9497577     Egb      =         -980.2300347
TOTAL    =        -1391.4005805
