Bond     =           13.9555153     Angle    =           38.7743895
Dihedral =          175.4702786     1-4 vdW  =           52.6881359
1-4 Elec =        -1001.7493093     vdWaals  =          -91.7192374
Elec.    =          258.9416578     Egb      =         -955.7958506
TOTAL    =        -1509.4344202
