Bond     =           14.3057026     Angle    =           40.6657295
Dihedral =          183.8780324     1-4 vdW  =           53.0350017
1-4 Elec =        -1163.5410251     vdWaals  =          -85.2669528
Elec.    =          342.8473755     Egb      =         -981.0699514
TOTAL    =        -1595.1460877
