Bond     =           13.4756271     Angle    =           37.1879852
Dihedral =          173.7123711     1-4 vdW  =           52.0093479
1-4 Elec =        -1006.0649966     vdWaals  =          -91.0807627
Elec.    =          236.6128363     Egb      =         -929.3673902
TOTAL    =        -1513.5149819
