Bond     =           12.3576115     Angle    =           39.0031361
Dihedral =          168.5056593     1-4 vdW  =           52.6627833
1-4 Elec =         -748.1339330     vdWaals  =         -109.5211363
Elec.    =           80.1282485     Egb      =         -949.2173911
TOTAL    =        -1454.2150219
