Bond     =           12.6949893     Angle    =           33.1466254
Dihedral =          172.1999521     1-4 vdW  =           52.5491448
1-4 Elec =         -813.2449705     vdWaals  =         -107.9239092
Elec.    =          199.1153431     Egb      =        -1008.6228602
TOTAL    =        -1460.0856852
