Bond     =           11.4873185     Angle    =           33.1536131
Dihedral =          182.9133958     1-4 vdW  =           50.2214107
1-4 Elec =         -432.4902348     vdWaals  =         -100.6955367
Elec.    =          -65.5685748     Egb      =         -888.4461093
TOTAL    =        -1209.4247176
