Bond     =           13.9834241     Angle    =           31.6749452
Dihedral =          174.4004841     1-4 vdW  =           52.4585730
1-4 Elec =         -986.2569808     vdWaals  =         -110.3870327
Elec.    =          277.3140252     Egb      =         -995.9724741
TOTAL    =        -1542.7850359
