Bond     =           12.7727010     Angle    =           35.4436740
Dihedral =          184.7313928     1-4 vdW  =           52.9986043
1-4 Elec =         -683.7696793     vdWaals  =         -122.3302551
Elec.    =           38.0122189     Egb      =         -947.9755841
TOTAL    =        -1430.1169275
