Bond     =           11.4552785     Angle    =           34.6156290
Dihedral =          180.4777165     1-4 vdW  =           51.5788083
1-4 Elec =         -520.6252528     vdWaals  =         -124.0869847
Elec.    =            2.6831243     Egb      =         -962.2628931
TOTAL    =        -1326.1645739
