Bond     =           10.5448682     Angle    =           33.0061002
Dihedral =          183.3825590     1-4 vdW  =           51.5923675
1-4 Elec =         -412.7290723     vdWaals  =         -113.8473700
Elec.    =           -4.3108816     Egb      =         -992.9320643
TOTAL    =        -1245.2934933
