Bond     =           11.2002130     Angle    =           41.0422799
Dihedral =          189.8184320     1-4 vdW  =           52.1640615
1-4 Elec =         -471.7567036     vdWaals  =         -101.7852198
Elec.    =          -38.0215235     Egb      =         -932.5020056
TOTAL    =        -1249.8404662
