Bond     =           13.0690936     Angle    =           34.7954514
Dihedral =          181.2564472     1-4 vdW  =           53.7314433
1-4 Elec =         -902.6576446     vdWaals  =          -93.1581585
Elec.    =          209.4368004     Egb      =         -936.8885360
TOTAL    =        -1440.4151033
