Bond     =           11.8099694     Angle    =           33.7077364
Dihedral =          159.5600641     1-4 vdW  =           44.9237705
1-4 Elec =         -529.6231460     vdWaals  =          -83.0124451
Elec.    =          -84.6273594     Egb      =         -718.6020320
TOTAL    =        -1165.8634420
