Bond     =           11.5590253     Angle    =           42.6931796
Dihedral =          186.6108769     1-4 vdW  =           51.7116029
1-4 Elec =         -575.2814833     vdWaals  =         -106.0585745
Elec.    =           38.4827583     Egb      =         -974.1321983
TOTAL    =        -1324.4148132
