Bond     =           14.4869357     Angle    =           39.2262309
Dihedral =          181.3581159     1-4 vdW  =           54.4981680
1-4 Elec =        -1165.4341634     vdWaals  =          -90.6838534
Elec.    =          322.3070891     Egb      =         -964.0614512
TOTAL    =        -1608.3029285
