Bond     =           10.7368231     Angle    =           39.2227519
Dihedral =          182.6612126     1-4 vdW  =           52.1300834
1-4 Elec =         -397.2767112     vdWaals  =         -115.6161110
Elec.    =          -78.3868031     Egb      =         -950.7547865
TOTAL    =        -1257.2835408
