Bond     =            9.8121342     Angle    =           33.2902256
Dihedral =          146.4304571     1-4 vdW  =           43.4852125
1-4 Elec =         -375.0428783     vdWaals  =          -89.2878809
Elec.    =          -83.0783280     Egb      =         -765.0790156
TOTAL    =        -1079.4700733
