Bond     =           13.1610024     Angle    =           35.1901243
Dihedral =          183.8256739     1-4 vdW  =           50.6365915
1-4 Elec =         -950.0676036     vdWaals  =          -88.5508840
Elec.    =          272.9752285     Egb      =         -996.8625235
TOTAL    =        -1479.6923904
