Bond     =           12.8970267     Angle    =           32.7514570
Dihedral =          182.1998233     1-4 vdW  =           51.9919340
1-4 Elec =         -871.2630299     vdWaals  =         -103.6590320
Elec.    =          220.0759694     Egb      =         -991.8244598
TOTAL    =        -1466.8303112
