Bond     =           12.9096707     Angle    =           36.3982250
Dihedral =          177.7749358     1-4 vdW  =           51.9455502
1-4 Elec =         -935.7067584     vdWaals  =         -102.1180095
Elec.    =          234.1461043     Egb      =         -983.8770260
TOTAL    =        -1508.5273078
