Bond     =           12.2919057     Angle    =           38.3272427
Dihedral =          168.1667322     1-4 vdW  =           51.1807944
1-4 Elec =         -687.2543748     vdWaals  =         -132.9111830
Elec.    =           97.3341164     Egb      =         -986.4719551
TOTAL    =        -1439.3367215
