Bond     =           12.1521920     Angle    =           34.8710211
Dihedral =          196.0722409     1-4 vdW  =           51.6946134
1-4 Elec =         -768.0283326     vdWaals  =          -92.9678622
Elec.    =          198.7549306     Egb      =        -1018.4302296
TOTAL    =        -1385.8814263
