Bond     =           13.3730890     Angle    =           36.5686686
Dihedral =          162.3195402     1-4 vdW  =           50.5228452
1-4 Elec =         -706.1291603     vdWaals  =         -111.6924080
Elec.    =          174.9386075     Egb      =        -1028.3342522
TOTAL    =        -1408.4330700
