Bond     =           12.1833619     Angle    =           37.2100854
Dihedral =          172.2406572     1-4 vdW  =           52.8205169
1-4 Elec =         -749.3726400     vdWaals  =         -118.1297873
Elec.    =          144.8081077     Egb      =        -1013.1317840
TOTAL    =        -1461.3714821
