Bond     =           12.7130544     Angle    =           38.2095584
Dihedral =          169.8326314     1-4 vdW  =           52.8361518
1-4 Elec =         -929.1519243     vdWaals  =         -106.5640272
Elec.    =          256.5597861     Egb      =        -1025.6747011
TOTAL    =        -1531.2394705
