Bond     =           11.3634904     Angle    =           38.3781638
Dihedral =          176.8123810     1-4 vdW  =           52.1772253
1-4 Elec =         -644.8192424     vdWaals  =          -99.5547818
Elec.    =           78.5748217     Egb      =         -984.6735335
TOTAL    =        -1371.7414756
