Bond     =           13.3104527     Angle    =           39.4119251
Dihedral =          171.8513462     1-4 vdW  =           52.4257486
1-4 Elec =         -921.5890048     vdWaals  =         -111.2580853
Elec.    =          235.6497922     Egb      =        -1010.2698779
TOTAL    =        -1530.4677033
