Bond     =           11.8904892     Angle    =           34.9449137
Dihedral =          191.6582377     1-4 vdW  =           48.8067156
1-4 Elec =         -655.0748586     vdWaals  =         -102.5576746
Elec.    =          127.4072723     Egb      =         -984.6606022
TOTAL    =        -1327.5855069
