Bond     =           11.3057744     Angle    =           39.7945922
Dihedral =          189.1981586     1-4 vdW  =           51.3656949
1-4 Elec =         -549.8307409     vdWaals  =         -103.5662058
Elec.    =          131.7539170     Egb      =        -1040.2551497
TOTAL    =        -1270.2339593
