Bond     =           12.8216463     Angle    =           37.1085435
Dihedral =          176.0582341     1-4 vdW  =           53.5743591
1-4 Elec =         -943.7412776     vdWaals  =          -94.9485659
Elec.    =          192.4225662     Egb      =         -918.7341377
TOTAL    =        -1485.4386319
