Bond     =           13.1098526     Angle    =           36.2990905
Dihedral =          193.2506475     1-4 vdW  =           49.5669438
1-4 Elec =         -828.8081227     vdWaals  =          -96.5577908
Elec.    =          131.2187146     Egb      =         -915.9117620
TOTAL    =        -1417.8324266
