Bond     =           12.1610517     Angle    =           39.1325933
Dihedral =          166.9441767     1-4 vdW  =           50.3531048
1-4 Elec =         -686.1130264     vdWaals  =         -106.9446921
Elec.    =          101.3120072     Egb      =         -995.0906737
TOTAL    =        -1418.2454585
