Bond     =           12.1644167     Angle    =           40.4134811
Dihedral =          172.0274909     1-4 vdW  =           53.9415185
1-4 Elec =         -745.8923439     vdWaals  =         -115.3972087
Elec.    =           93.8215341     Egb      =         -964.1592886
TOTAL    =        -1453.0804000
