Bond     =           12.4536190     Angle    =           38.6990986
Dihedral =          168.5601949     1-4 vdW  =           50.6110639
1-4 Elec =         -686.5978990     vdWaals  =         -113.9963784
Elec.    =          110.3803057     Egb      =        -1002.9864077
TOTAL    =        -1422.8764029
