Bond     =           13.7862781     Angle    =           36.0220980
Dihedral =          175.1158280     1-4 vdW  =           51.9948468
1-4 Elec =         -873.1861676     vdWaals  =         -105.2107003
Elec.    =          195.0671812     Egb      =         -970.6961358
TOTAL    =        -1477.1067715
