Bond     =           12.2980368     Angle    =           36.2749314
Dihedral =          172.0815871     1-4 vdW  =           50.1337972
1-4 Elec =         -709.2824208     vdWaals  =         -119.1970583
Elec.    =          109.5808668     Egb      =         -942.8810367
TOTAL    =        -1390.9912967
