Bond     =           13.4036192     Angle    =           34.8082641
Dihedral =          174.5702316     1-4 vdW  =           50.6480445
1-4 Elec =         -878.8841796     vdWaals  =         -120.3663820
Elec.    =          157.0217900     Egb      =         -920.0928064
TOTAL    =        -1488.8914187
