Bond     =           13.5526012     Angle    =           34.7114729
Dihedral =          176.3400893     1-4 vdW  =           52.8952349
1-4 Elec =         -932.4480066     vdWaals  =          -96.2927763
Elec.    =          240.1874918     Egb      =         -994.5657381
TOTAL    =        -1505.6196310
