Bond     =           12.9539349     Angle    =           39.6716775
Dihedral =          175.3637300     1-4 vdW  =           49.4432884
1-4 Elec =         -717.2289090     vdWaals  =          -98.5974432
Elec.    =          144.1278524     Egb      =         -953.3019572
TOTAL    =        -1347.5678261
