Bond     =           11.7669348     Angle    =           33.7008233
Dihedral =          171.4035584     1-4 vdW  =           51.8285751
1-4 Elec =         -668.0199488     vdWaals  =         -109.5260979
Elec.    =          113.0915701     Egb      =         -956.2037931
TOTAL    =        -1351.9583780
