Bond     =           13.9503367     Angle    =           38.0313941
Dihedral =          177.5244696     1-4 vdW  =           50.5811631
1-4 Elec =         -880.2171799     vdWaals  =         -100.1158997
Elec.    =          197.4218949     Egb      =         -948.3264352
TOTAL    =        -1451.1502563
