Bond     =           11.4145297     Angle    =           33.4587411
Dihedral =          172.9584836     1-4 vdW  =           52.2138172
1-4 Elec =         -662.9207486     vdWaals  =         -105.0635274
Elec.    =           71.1005361     Egb      =         -925.4327590
TOTAL    =        -1352.2709272
