Bond     =           11.3528628     Angle    =           41.5227661
Dihedral =          173.2371332     1-4 vdW  =           51.6886472
1-4 Elec =         -574.8346120     vdWaals  =         -114.8384549
Elec.    =           -7.1888611     Egb      =         -927.8019863
TOTAL    =        -1346.8625051
