Bond     =           12.6754096     Angle    =           34.2672559
Dihedral =          172.8444014     1-4 vdW  =           52.9169231
1-4 Elec =         -829.3147625     vdWaals  =         -106.4608924
Elec.    =          133.3291945     Egb      =         -919.2898387
TOTAL    =        -1449.0323093
