Bond     =           13.4257872     Angle    =           37.8783858
Dihedral =          178.7389784     1-4 vdW  =           51.5783298
1-4 Elec =         -872.4661990     vdWaals  =         -105.4554378
Elec.    =          195.9729449     Egb      =         -970.3265508
TOTAL    =        -1470.6537615
