Bond     =           13.3896611     Angle    =           37.0985518
Dihedral =          170.8441604     1-4 vdW  =           53.7682155
1-4 Elec =         -996.2512434     vdWaals  =         -103.5807071
Elec.    =          219.9203489     Egb      =         -938.2225195
TOTAL    =        -1543.0335323
