Bond     =           11.5265267     Angle    =           34.7864149
Dihedral =          167.5180575     1-4 vdW  =           51.3272764
1-4 Elec =         -636.8646387     vdWaals  =         -119.0089831
Elec.    =          103.9154368     Egb      =         -989.6671176
TOTAL    =        -1376.4670271
