Bond     =           12.2657823     Angle    =           34.8856085
Dihedral =          168.6320664     1-4 vdW  =           51.2061459
1-4 Elec =         -704.4575564     vdWaals  =         -110.2335688
Elec.    =          139.5834331     Egb      =         -979.9918386
TOTAL    =        -1388.1099275
