Bond     =           11.6947844     Angle    =           33.9536709
Dihedral =          176.3482496     1-4 vdW  =           53.0512398
1-4 Elec =         -726.8850671     vdWaals  =         -102.1529545
Elec.    =           93.2877590     Egb      =         -916.5973487
TOTAL    =        -1377.2996665
