Bond     =           11.8312529     Angle    =           39.0161668
Dihedral =          168.4055569     1-4 vdW  =           52.6001322
1-4 Elec =         -679.5232110     vdWaals  =         -127.4631553
Elec.    =           73.1031723     Egb      =         -967.7724670
TOTAL    =        -1429.8025521
