Bond     =           13.3343759     Angle    =           35.8251287
Dihedral =          172.5922826     1-4 vdW  =           51.4664987
1-4 Elec =         -942.0386029     vdWaals  =         -101.7524635
Elec.    =          200.0904581     Egb      =         -924.5061744
TOTAL    =        -1494.9884968
