Bond     =           12.2945726     Angle    =           35.0879568
Dihedral =          162.7980621     1-4 vdW  =           49.4425587
1-4 Elec =         -651.7186768     vdWaals  =         -118.7938365
Elec.    =          164.9132287     Egb      =        -1015.0788805
TOTAL    =        -1361.0550149
