Bond     =           12.5466696     Angle    =           33.8861757
Dihedral =          176.2502256     1-4 vdW  =           50.8988981
1-4 Elec =         -772.5717249     vdWaals  =         -109.5219682
Elec.    =          167.2657884     Egb      =         -966.4587313
TOTAL    =        -1407.7046670
