Bond     =           12.5213443     Angle    =           40.4353835
Dihedral =          194.0105093     1-4 vdW  =           52.6451827
1-4 Elec =         -755.3244708     vdWaals  =         -117.9470870
Elec.    =           90.0448001     Egb      =         -919.6047000
TOTAL    =        -1403.2190379
