Bond     =           13.2665466     Angle    =           38.0479352
Dihedral =          172.5513275     1-4 vdW  =           49.5730790
1-4 Elec =         -708.0636498     vdWaals  =         -113.7244710
Elec.    =          167.4194367     Egb      =         -996.9556809
TOTAL    =        -1377.8854766
