Bond     =           10.7147360     Angle    =           37.1486996
Dihedral =          176.4605859     1-4 vdW  =           53.0411258
1-4 Elec =         -569.0179482     vdWaals  =         -112.8098522
Elec.    =            6.4544963     Egb      =         -971.4556124
TOTAL    =        -1369.4637692
