Bond     =           12.7522490     Angle    =           34.6948640
Dihedral =          170.2521682     1-4 vdW  =           50.6162930
1-4 Elec =         -777.9845076     vdWaals  =         -107.7126088
Elec.    =          167.8316282     Egb      =         -968.7436095
TOTAL    =        -1418.2935234
