Bond     =           12.9237497     Angle    =           36.2773506
Dihedral =          168.2600461     1-4 vdW  =           49.2928345
1-4 Elec =         -711.2110162     vdWaals  =         -120.4212784
Elec.    =          138.0578256     Egb      =         -966.4133232
TOTAL    =        -1393.2338113
