Bond     =           11.5545120     Angle    =           35.8972667
Dihedral =          173.1538381     1-4 vdW  =           52.2981798
1-4 Elec =         -685.8996125     vdWaals  =         -111.7914008
Elec.    =           72.5553501     Egb      =         -971.9567515
TOTAL    =        -1424.1886180
