Bond     =           11.8609167     Angle    =           38.2886375
Dihedral =          174.7870654     1-4 vdW  =           50.9709333
1-4 Elec =         -592.2959566     vdWaals  =         -111.9830413
Elec.    =          111.7108508     Egb      =        -1006.8790263
TOTAL    =        -1323.5396205
