Bond     =           12.4135352     Angle    =           41.1680368
Dihedral =          177.2933819     1-4 vdW  =           49.8930152
1-4 Elec =         -604.2219709     vdWaals  =         -115.7258008
Elec.    =          113.3459892     Egb      =         -972.8857480
TOTAL    =        -1298.7195616
