Bond     =           12.3535798     Angle    =           37.5835325
Dihedral =          167.9456071     1-4 vdW  =           51.6292503
1-4 Elec =         -761.2505066     vdWaals  =         -110.7586527
Elec.    =          170.9002971     Egb      =        -1002.2591639
TOTAL    =        -1433.8560564
