Bond     =           13.2641607     Angle    =           38.7487963
Dihedral =          179.9653874     1-4 vdW  =           52.0971759
1-4 Elec =         -936.3149609     vdWaals  =         -105.9354534
Elec.    =          271.0347972     Egb      =        -1007.6678341
TOTAL    =        -1494.8079308
