Bond     =           11.8624323     Angle    =           34.3911023
Dihedral =          172.9592016     1-4 vdW  =           51.1594433
1-4 Elec =         -671.8793475     vdWaals  =         -105.5584115
Elec.    =          118.2551252     Egb      =         -955.7342055
TOTAL    =        -1344.5446597
