Bond     =           12.2408357     Angle    =           34.2497576
Dihedral =          168.4285165     1-4 vdW  =           51.0843195
1-4 Elec =         -773.8020350     vdWaals  =         -109.6383504
Elec.    =          167.4576523     Egb      =         -971.9875755
TOTAL    =        -1421.9668793
