Bond     =           11.0887430     Angle    =           34.1050971
Dihedral =          164.4951886     1-4 vdW  =           50.4107349
1-4 Elec =         -433.6463437     vdWaals  =         -111.9628713
Elec.    =           35.8920029     Egb      =         -994.7541096
TOTAL    =        -1244.3715579
