Bond     =           17.6721766     Angle    =           37.3223469
Dihedral =          173.4338100     1-4 vdW  =           50.4623340
1-4 Elec =         -891.0054002     vdWaals  =         -105.0096378
Elec.    =          257.9822317     Egb      =         -990.8573618
TOTAL    =        -1449.9995006
