Bond     =           11.3418316     Angle    =           37.0780038
Dihedral =          173.7311828     1-4 vdW  =           52.4721725
1-4 Elec =         -570.7348969     vdWaals  =         -102.7489347
Elec.    =          -23.1456037     Egb      =         -941.2260405
TOTAL    =        -1363.2322850
