Bond     =           12.5812913     Angle    =           36.6505604
Dihedral =          174.6774651     1-4 vdW  =           52.7798121
1-4 Elec =         -817.4886898     vdWaals  =         -102.0876624
Elec.    =          110.0157833     Egb      =         -925.6851381
TOTAL    =        -1458.5565781
