Bond     =           10.5109049     Angle    =           36.9622071
Dihedral =          176.4692292     1-4 vdW  =           51.2455322
1-4 Elec =         -420.6030489     vdWaals  =         -109.8601259
Elec.    =          -38.3150768     Egb      =         -959.3401042
TOTAL    =        -1252.9304824
