Bond     =           12.2788164     Angle    =           36.8896916
Dihedral =          168.5124704     1-4 vdW  =           50.9643559
1-4 Elec =         -710.2535754     vdWaals  =         -108.1767537
Elec.    =          204.2225935     Egb      =        -1033.4306641
TOTAL    =        -1378.9930652
