Bond     =           10.9423779     Angle    =           35.7814700
Dihedral =          177.7805453     1-4 vdW  =           50.0560423
1-4 Elec =         -436.5483185     vdWaals  =         -110.3013640
Elec.    =           22.7819375     Egb      =         -983.0159754
TOTAL    =        -1232.5232849
