Bond     =           12.7828542     Angle    =           37.5829121
Dihedral =          174.6503868     1-4 vdW  =           49.2720579
1-4 Elec =         -728.7938149     vdWaals  =         -101.1628087
Elec.    =          176.3809104     Egb      =         -968.0410077
TOTAL    =        -1347.3285101
