Bond     =           14.0323417     Angle    =           33.8889754
Dihedral =          173.1090491     1-4 vdW  =           52.7478741
1-4 Elec =         -935.8553497     vdWaals  =         -108.5132973
Elec.    =          231.9651037     Egb      =         -978.1929518
TOTAL    =        -1516.8182547
