Bond     =           13.5396053     Angle    =           38.1988883
Dihedral =          172.4412470     1-4 vdW  =           53.2666358
1-4 Elec =         -994.0957217     vdWaals  =          -98.8966639
Elec.    =          235.7514159     Egb      =         -960.6580662
TOTAL    =        -1540.4526595
