Bond     =           13.4194753     Angle    =           36.9318743
Dihedral =          168.1170841     1-4 vdW  =           48.8366874
1-4 Elec =         -818.4403286     vdWaals  =         -105.9786595
Elec.    =          198.2455506     Egb      =         -972.0422065
TOTAL    =        -1430.9105229
