Bond     =           12.6351955     Angle    =           33.4569923
Dihedral =          188.1566564     1-4 vdW  =           52.8537487
1-4 Elec =         -821.1507203     vdWaals  =         -111.0233228
Elec.    =          156.9833267     Egb      =         -946.3656465
TOTAL    =        -1434.4537702
