Bond     =           13.8240875     Angle    =           37.2464221
Dihedral =          174.7628199     1-4 vdW  =           53.1643037
1-4 Elec =         -941.1891509     vdWaals  =          -97.7960598
Elec.    =          256.6264337     Egb      =         -996.8451913
TOTAL    =        -1500.2063350
