Bond     =           12.1157755     Angle    =           35.4643133
Dihedral =          180.9645934     1-4 vdW  =           50.9007823
1-4 Elec =         -707.1199612     vdWaals  =         -107.9883634
Elec.    =          151.8390676     Egb      =         -987.8586166
TOTAL    =        -1371.6824090
