Bond     =           12.9706627     Angle    =           37.0276775
Dihedral =          174.0330267     1-4 vdW  =           52.6531389
1-4 Elec =         -918.7444428     vdWaals  =         -107.3539390
Elec.    =          151.6920572     Egb      =         -933.6106910
TOTAL    =        -1531.3325097
