Bond     =           11.7435339     Angle    =           35.2405237
Dihedral =          167.8198494     1-4 vdW  =           50.6808320
1-4 Elec =         -635.9825520     vdWaals  =         -119.8952842
Elec.    =          106.0455774     Egb      =         -991.0778469
TOTAL    =        -1375.4253667
