Bond     =           11.8176994     Angle    =           35.2493804
Dihedral =          170.8966901     1-4 vdW  =           51.0689516
1-4 Elec =         -674.6276237     vdWaals  =         -110.1205814
Elec.    =          146.9037465     Egb      =         -977.5414398
TOTAL    =        -1346.3531770
