Bond     =           11.6312923     Angle    =           37.4854722
Dihedral =          178.1427124     1-4 vdW  =           52.3113565
1-4 Elec =         -653.5509640     vdWaals  =         -104.7400122
Elec.    =          112.0250067     Egb      =         -985.1463931
TOTAL    =        -1351.8415291
