Bond     =           12.5972379     Angle    =           33.9417648
Dihedral =          174.3260418     1-4 vdW  =           52.2391151
1-4 Elec =         -826.9382004     vdWaals  =         -107.7856743
Elec.    =          120.7011945     Egb      =         -911.9345788
TOTAL    =        -1452.8530993
