Bond     =           12.6648375     Angle    =           34.0964404
Dihedral =          171.5513273     1-4 vdW  =           49.9128119
1-4 Elec =         -716.6032927     vdWaals  =         -104.2247184
Elec.    =          153.7514693     Egb      =         -962.1385967
TOTAL    =        -1360.9897214
