Bond     =           12.3073053     Angle    =           34.9748894
Dihedral =          175.8770783     1-4 vdW  =           53.5434709
1-4 Elec =         -761.9836858     vdWaals  =         -103.7624891
Elec.    =          124.0971648     Egb      =         -945.6904111
TOTAL    =        -1410.6366772
