Bond     =           11.7410505     Angle    =           35.3161505
Dihedral =          176.3967161     1-4 vdW  =           51.4913480
1-4 Elec =         -666.4722659     vdWaals  =         -103.3986297
Elec.    =          134.9558122     Egb      =         -975.9822574
TOTAL    =        -1335.9520757
