Bond     =           10.4371978     Angle    =           35.6962218
Dihedral =          178.4432922     1-4 vdW  =           50.0788715
1-4 Elec =         -324.7325820     vdWaals  =         -113.4912953
Elec.    =          -32.9471234     Egb      =         -965.2536140
TOTAL    =        -1161.7690313
