Bond     =           13.6276382     Angle    =           37.4954779
Dihedral =          175.7324307     1-4 vdW  =           51.9475606
1-4 Elec =         -876.0112620     vdWaals  =         -111.2638247
Elec.    =          255.3023202     Egb      =        -1015.9450814
TOTAL    =        -1469.1147405
