Bond     =           12.9208305     Angle    =           38.3394308
Dihedral =          168.5660723     1-4 vdW  =           54.3672741
1-4 Elec =         -989.9807591     vdWaals  =         -105.0158097
Elec.    =          233.6457302     Egb      =         -964.7667478
TOTAL    =        -1551.9239788
