Bond     =           11.7688761     Angle    =           40.5234132
Dihedral =          175.0714700     1-4 vdW  =           51.1108831
1-4 Elec =         -573.2946659     vdWaals  =         -115.6848973
Elec.    =           23.8729534     Egb      =         -960.7044537
TOTAL    =        -1347.3364211
