Bond     =           13.8876873     Angle    =           36.8768179
Dihedral =          175.9432721     1-4 vdW  =           51.9204726
1-4 Elec =         -875.8325780     vdWaals  =         -102.5163646
Elec.    =          264.9005052     Egb      =        -1027.0358411
TOTAL    =        -1461.8560285
