Bond     =           12.1773579     Angle    =           34.4314500
Dihedral =          166.0728160     1-4 vdW  =           49.2048619
1-4 Elec =         -720.8296678     vdWaals  =         -107.6638880
Elec.    =          186.4147779     Egb      =         -992.1028692
TOTAL    =        -1372.2951612
