Bond     =           12.1536363     Angle    =           37.1986487
Dihedral =          171.6232478     1-4 vdW  =           50.4926479
1-4 Elec =         -712.9693030     vdWaals  =         -112.5916654
Elec.    =          174.5108026     Egb      =        -1000.2311578
TOTAL    =        -1379.8131431
