Bond     =           11.6803996     Angle    =           35.2290997
Dihedral =          174.3913857     1-4 vdW  =           51.0050341
1-4 Elec =         -669.1681154     vdWaals  =         -100.5811494
Elec.    =          136.7356781     Egb      =         -978.3363272
TOTAL    =        -1339.0439948
