Bond     =           11.4290540     Angle    =           34.3944123
Dihedral =          165.5183190     1-4 vdW  =           49.6278296
1-4 Elec =         -550.8329526     vdWaals  =         -114.8546954
Elec.    =          141.3419334     Egb      =        -1023.8569456
TOTAL    =        -1287.2330453
