Bond     =           11.5993880     Angle    =           42.7998787
Dihedral =          175.0657016     1-4 vdW  =           51.6196981
1-4 Elec =         -575.6073015     vdWaals  =         -113.3726992
Elec.    =            2.8075063     Egb      =         -936.5352700
TOTAL    =        -1341.6230980
