Bond     =           13.1842123     Angle    =           35.9543844
Dihedral =          168.9405024     1-4 vdW  =           50.0153218
1-4 Elec =         -818.0011143     vdWaals  =         -106.5876548
Elec.    =          189.6157275     Egb      =         -964.7622129
TOTAL    =        -1431.6408336
