Bond     =           11.8232238     Angle    =           37.3085672
Dihedral =          167.2375815     1-4 vdW  =           52.3602941
1-4 Elec =         -687.5492648     vdWaals  =         -114.5686078
Elec.    =          110.3873194     Egb      =        -1001.4462215
TOTAL    =        -1424.4471081
