Bond     =           13.0613710     Angle    =           33.4499986
Dihedral =          163.8577298     1-4 vdW  =           50.8041617
1-4 Elec =         -537.2705046     vdWaals  =         -116.7225352
Elec.    =           98.2308718     Egb      =        -1018.2204985
TOTAL    =        -1312.8094054
