Bond     =           11.6631480     Angle    =           39.3308383
Dihedral =          181.2140582     1-4 vdW  =           53.3448234
1-4 Elec =         -534.5726772     vdWaals  =         -109.0120115
Elec.    =           -2.1191549     Egb      =         -942.1625410
TOTAL    =        -1302.3135168
