Bond     =           12.2895209     Angle    =           34.8252141
Dihedral =          170.2345320     1-4 vdW  =           50.7117147
1-4 Elec =         -707.5536132     vdWaals  =         -114.8741053
Elec.    =          160.2224026     Egb      =         -991.1172209
TOTAL    =        -1385.2615552
