Bond     =           12.3754151     Angle    =           34.9086386
Dihedral =          167.0173043     1-4 vdW  =           52.1555580
1-4 Elec =         -770.8133170     vdWaals  =         -113.6498916
Elec.    =          174.4593713     Egb      =         -981.0875323
TOTAL    =        -1424.6344536
