Bond     =           12.0588131     Angle    =           33.8737307
Dihedral =          176.5824295     1-4 vdW  =           52.3338028
1-4 Elec =         -724.9300953     vdWaals  =         -101.0796241
Elec.    =          101.2694146     Egb      =         -926.6551761
TOTAL    =        -1376.5467047
