Bond     =           13.1252830     Angle    =           40.0299271
Dihedral =          188.1616865     1-4 vdW  =           52.4730106
1-4 Elec =         -736.9651282     vdWaals  =         -111.1517923
Elec.    =           66.9477988     Egb      =         -952.7488350
TOTAL    =        -1440.1280495
