Bond     =           11.6217913     Angle    =           35.0298771
Dihedral =          159.4230127     1-4 vdW  =           51.0348511
1-4 Elec =         -623.1432995     vdWaals  =         -119.6518243
Elec.    =          125.1366396     Egb      =        -1046.3469976
TOTAL    =        -1406.8959496
