Bond     =           11.9534005     Angle    =           38.8783548
Dihedral =          184.2146278     1-4 vdW  =           51.7945417
1-4 Elec =         -678.1950374     vdWaals  =         -110.0392443
Elec.    =          103.5361963     Egb      =        -1007.1629425
TOTAL    =        -1405.0201031
