Bond     =           12.6687891     Angle    =           39.9000517
Dihedral =          195.1278646     1-4 vdW  =           54.1639972
1-4 Elec =         -798.6039599     vdWaals  =         -108.2484064
Elec.    =           89.5099299     Egb      =         -945.8448068
TOTAL    =        -1461.3265406
