Bond     =           13.3613342     Angle    =           34.6166224
Dihedral =          166.5520594     1-4 vdW  =           53.5376843
1-4 Elec =        -1006.1649326     vdWaals  =          -97.8243706
Elec.    =          235.4723128     Egb      =         -935.9496298
TOTAL    =        -1536.3989199
