Bond     =           12.7804681     Angle    =           36.3536392
Dihedral =          188.6824800     1-4 vdW  =           50.9301270
1-4 Elec =         -769.4318961     vdWaals  =          -94.4946448
Elec.    =          126.3764774     Egb      =         -947.0319677
TOTAL    =        -1395.8353170
