Bond     =           12.9321549     Angle    =           35.2972099
Dihedral =          175.3774062     1-4 vdW  =           50.0733892
1-4 Elec =         -700.1002413     vdWaals  =          -94.6731561
Elec.    =           99.1412790     Egb      =         -969.9329167
TOTAL    =        -1391.8848748
