Bond     =           11.4885000     Angle    =           36.6825762
Dihedral =          187.8793231     1-4 vdW  =           50.8559193
1-4 Elec =         -597.6869302     vdWaals  =          -96.8273898
Elec.    =           66.3083290     Egb      =         -965.4790192
TOTAL    =        -1306.7786917
