Bond     =           13.9111720     Angle    =           34.3925154
Dihedral =          196.0557859     1-4 vdW  =           53.7223020
1-4 Elec =         -982.8194791     vdWaals  =          -92.4935724
Elec.    =          208.0618252     Egb      =         -945.8664871
TOTAL    =        -1515.0359380
