Bond     =           13.8322024     Angle    =           45.1558986
Dihedral =          170.6518270     1-4 vdW  =           52.1625781
1-4 Elec =         -859.8041472     vdWaals  =         -120.8861847
Elec.    =          104.6796285     Egb      =         -915.0798540
TOTAL    =        -1509.2880512
