Bond     =           11.9014387     Angle    =           41.3021775
Dihedral =          190.2591318     1-4 vdW  =           53.0877903
1-4 Elec =         -585.3721385     vdWaals  =          -98.5595935
Elec.    =           50.4403960     Egb      =         -970.7107619
TOTAL    =        -1307.6515596
