Bond     =           12.6565390     Angle    =           42.3577036
Dihedral =          170.8921001     1-4 vdW  =           52.6344469
1-4 Elec =         -749.4296332     vdWaals  =         -112.9641534
Elec.    =           91.3540851     Egb      =         -954.7657469
TOTAL    =        -1447.2646588
