Bond     =           12.0920667     Angle    =           40.2046767
Dihedral =          179.5510644     1-4 vdW  =           52.9733080
1-4 Elec =         -768.2474689     vdWaals  =          -89.0831000
Elec.    =          158.4571290     Egb      =         -986.9787573
TOTAL    =        -1401.0310816
