Bond     =           13.3516832     Angle    =           44.5908946
Dihedral =          169.9205921     1-4 vdW  =           52.9501873
1-4 Elec =         -860.3719711     vdWaals  =         -117.5193747
Elec.    =          117.6968820     Egb      =         -919.0317791
TOTAL    =        -1498.4128856
