Bond     =           11.4557903     Angle    =           34.7398970
Dihedral =          172.0042788     1-4 vdW  =           50.9305008
1-4 Elec =         -602.6436606     vdWaals  =         -107.5348896
Elec.    =           73.5430349     Egb      =         -959.6963705
TOTAL    =        -1327.2014188
