Bond     =           12.8666085     Angle    =           43.7661750
Dihedral =          164.7679086     1-4 vdW  =           51.8812853
1-4 Elec =         -873.4635646     vdWaals  =         -100.6910751
Elec.    =          252.1146336     Egb      =        -1041.1748575
TOTAL    =        -1489.9328862
