Bond     =           12.6945919     Angle    =           42.1142870
Dihedral =          163.7491754     1-4 vdW  =           51.9925522
1-4 Elec =         -868.1438528     vdWaals  =         -113.9018859
Elec.    =          197.7794202     Egb      =         -990.1234880
TOTAL    =        -1503.8392001
