Bond     =           12.9977124     Angle    =           37.1789779
Dihedral =          164.5983193     1-4 vdW  =           50.9546428
1-4 Elec =         -881.4798929     vdWaals  =         -101.0706174
Elec.    =          309.8170626     Egb      =        -1071.6044109
TOTAL    =        -1478.6082063
