Bond     =           12.7604690     Angle    =           35.3725079
Dihedral =          194.6445896     1-4 vdW  =           52.5323503
1-4 Elec =         -882.6440679     vdWaals  =          -99.1324217
Elec.    =          264.6915234     Egb      =        -1007.4575679
TOTAL    =        -1429.2326172
