Bond     =           11.5683571     Angle    =           39.6344035
Dihedral =          213.9387165     1-4 vdW  =           53.7302404
1-4 Elec =         -662.6979381     vdWaals  =          -88.9573982
Elec.    =           71.8299855     Egb      =         -945.7158871
TOTAL    =        -1306.6695204
