Bond     =           12.7532671     Angle    =           35.1501222
Dihedral =          189.3548163     1-4 vdW  =           52.2184273
1-4 Elec =         -823.2542935     vdWaals  =         -105.6545657
Elec.    =          244.3141007     Egb      =        -1013.5861766
TOTAL    =        -1408.7043022
