Bond     =           13.4275019     Angle    =           35.1836977
Dihedral =          194.0422660     1-4 vdW  =           53.4142240
1-4 Elec =         -876.5049660     vdWaals  =         -101.7723809
Elec.    =          187.3384935     Egb      =         -952.0746526
TOTAL    =        -1446.9458164
