Bond     =           47.6866785     Angle    =           51.8617067
Dihedral =          189.5318148     1-4 vdW  =           51.6242941
1-4 Elec =         -766.4942253     vdWaals  =         -101.1315078
Elec.    =          108.3641971     Egb      =         -931.2870756
TOTAL    =        -1349.8441176
