Bond     =           12.6458220     Angle    =           36.7006128
Dihedral =          186.2326971     1-4 vdW  =           52.3946401
1-4 Elec =         -767.0279611     vdWaals  =         -104.6197297
Elec.    =          147.2041027     Egb      =         -957.1702185
TOTAL    =        -1393.6400346
