Bond     =           10.7687937     Angle    =           39.9060335
Dihedral =          199.6056918     1-4 vdW  =           49.8015524
1-4 Elec =         -438.2548937     vdWaals  =          -97.2847298
Elec.    =           -2.5020480     Egb      =         -942.7728501
TOTAL    =        -1180.7324502
