Bond     =           12.9840471     Angle    =           35.9963868
Dihedral =          191.7756015     1-4 vdW  =           53.6371682
1-4 Elec =         -982.1205065     vdWaals  =         -101.8559209
Elec.    =          197.9487472     Egb      =         -938.5608644
TOTAL    =        -1530.1953411
