Bond     =           13.2601829     Angle    =           36.6334876
Dihedral =          192.2288992     1-4 vdW  =           52.7583292
1-4 Elec =         -917.0170621     vdWaals  =         -104.4810235
Elec.    =          190.8513185     Egb      =         -959.4132193
TOTAL    =        -1495.1790874
