Bond     =           12.8943285     Angle    =           36.0263228
Dihedral =          173.6398159     1-4 vdW  =           50.6768104
1-4 Elec =         -773.4461793     vdWaals  =          -89.7613187
Elec.    =          131.2309427     Egb      =         -942.9195771
TOTAL    =        -1401.6588550
