Bond     =           13.5981540     Angle    =           37.6495255
Dihedral =          182.1011844     1-4 vdW  =           50.8585041
1-4 Elec =         -862.0161543     vdWaals  =          -93.2019546
Elec.    =          138.1205988     Egb      =         -928.6995728
TOTAL    =        -1461.5897149
