Bond     =           13.6591759     Angle    =           36.3608980
Dihedral =          192.7245562     1-4 vdW  =           53.3074088
1-4 Elec =        -1160.9190989     vdWaals  =          -94.0203934
Elec.    =          274.8476484     Egb      =         -922.9240609
TOTAL    =        -1606.9638658
