Bond     =           13.2958955     Angle    =           37.7163458
Dihedral =          166.4003178     1-4 vdW  =           51.4712778
1-4 Elec =         -872.1190092     vdWaals  =          -95.3768618
Elec.    =          177.1956025     Egb      =         -961.4216436
TOTAL    =        -1482.8380751
