Bond     =           12.1596144     Angle    =           41.4329352
Dihedral =          203.3104920     1-4 vdW  =           52.3884597
1-4 Elec =         -807.7891018     vdWaals  =          -78.0465181
Elec.    =          149.0440093     Egb      =         -981.2135902
TOTAL    =        -1408.7136996
