Bond     =           11.9127126     Angle    =           41.5049120
Dihedral =          176.2831847     1-4 vdW  =           49.8777519
1-4 Elec =         -521.7496151     vdWaals  =          -98.0149000
Elec.    =           49.4302072     Egb      =        -1005.0317636
TOTAL    =        -1295.7875103
