Bond     =           11.2744305     Angle    =           39.8302634
Dihedral =          176.7271775     1-4 vdW  =           51.0992760
1-4 Elec =         -419.6365929     vdWaals  =          -99.8845008
Elec.    =            6.5530267     Egb      =         -997.4916881
TOTAL    =        -1231.5286078
