Bond     =           12.5527086     Angle    =           33.7580593
Dihedral =          173.3666208     1-4 vdW  =           50.8694141
1-4 Elec =         -767.5966639     vdWaals  =         -100.1672730
Elec.    =          129.6419341     Egb      =         -947.3726374
TOTAL    =        -1414.9478374
