Bond     =           11.5186121     Angle    =           39.1344618
Dihedral =          196.7578930     1-4 vdW  =           53.2793196
1-4 Elec =         -633.3534040     vdWaals  =          -88.2491907
Elec.    =          -30.4273706     Egb      =         -900.1288775
TOTAL    =        -1351.4685562
