Bond     =           12.3647824     Angle    =           40.6763367
Dihedral =          176.1814239     1-4 vdW  =           53.3192467
1-4 Elec =         -742.7304307     vdWaals  =          -99.8349683
Elec.    =           89.0164731     Egb      =         -967.3297189
TOTAL    =        -1438.3368551
