Bond     =           12.3306633     Angle    =           39.6762878
Dihedral =          182.8011054     1-4 vdW  =           53.6478286
1-4 Elec =         -572.6948856     vdWaals  =         -117.9517957
Elec.    =          106.4283247     Egb      =        -1039.3529703
TOTAL    =        -1335.1154418
