Bond     =           11.3596007     Angle    =           35.7035746
Dihedral =          177.6801011     1-4 vdW  =           53.8697113
1-4 Elec =         -573.8997342     vdWaals  =         -117.1908322
Elec.    =           37.2302084     Egb      =         -977.3484767
TOTAL    =        -1352.5958471
