Bond     =           10.9106315     Angle    =           39.7401096
Dihedral =          185.2660881     1-4 vdW  =           53.4273552
1-4 Elec =         -398.8927154     vdWaals  =         -127.3231054
Elec.    =          -15.3072981     Egb      =        -1010.8295215
TOTAL    =        -1263.0084560
