Bond     =           13.3007383     Angle    =           42.3917329
Dihedral =          181.0481769     1-4 vdW  =           51.1027892
1-4 Elec =         -743.3086503     vdWaals  =          -96.7175747
Elec.    =           87.1904301     Egb      =         -937.8848894
TOTAL    =        -1402.8772471
