Bond     =           11.9017328     Angle    =           36.5280804
Dihedral =          161.6557678     1-4 vdW  =           52.1851161
1-4 Elec =         -590.3218279     vdWaals  =          -98.4816766
Elec.    =           51.5718527     Egb      =         -965.1478603
TOTAL    =        -1340.1088149
