Bond     =           12.4391409     Angle    =           35.4274216
Dihedral =          164.8552798     1-4 vdW  =           51.7186615
1-4 Elec =         -769.4752850     vdWaals  =         -101.9176763
Elec.    =          131.8409225     Egb      =         -946.4513212
TOTAL    =        -1421.5628563
