Bond     =           12.9008211     Angle    =           39.2861750
Dihedral =          166.3064387     1-4 vdW  =           48.7923173
1-4 Elec =         -708.1637803     vdWaals  =         -100.6739920
Elec.    =          129.9543836     Egb      =         -961.7790442
TOTAL    =        -1373.3766807
