Bond     =           14.7821893     Angle    =           52.0104919
Dihedral =          194.8793215     1-4 vdW  =           51.4938687
1-4 Elec =         -918.4605872     vdWaals  =         -106.8228232
Elec.    =          123.4513578     Egb      =         -906.2976394
TOTAL    =        -1494.9638206
