Bond     =           13.5885122     Angle    =           56.4922579
Dihedral =          176.7844923     1-4 vdW  =           48.7534442
1-4 Elec =         -808.8099072     vdWaals  =         -105.2531636
Elec.    =          186.0624315     Egb      =         -998.2699247
TOTAL    =        -1430.6518573
