Bond     =           14.4555670     Angle    =           49.0117477
Dihedral =          191.1384528     1-4 vdW  =           53.8516803
1-4 Elec =         -882.2199165     vdWaals  =          -92.1226094
Elec.    =          178.3013725     Egb      =         -944.8356960
TOTAL    =        -1432.4194015
