Bond     =           12.2644389     Angle    =           40.7079215
Dihedral =          154.1923408     1-4 vdW  =           52.0398184
1-4 Elec =         -697.8640208     vdWaals  =         -118.3704618
Elec.    =          145.9829818     Egb      =        -1026.7767846
TOTAL    =        -1437.8237658
