Bond     =           13.4985621     Angle    =           36.3617475
Dihedral =          173.7228427     1-4 vdW  =           51.1401268
1-4 Elec =         -879.7686462     vdWaals  =         -106.8287237
Elec.    =          148.2325443     Egb      =         -927.5833234
TOTAL    =        -1491.2248699
