Bond     =           13.9084144     Angle    =           36.3372298
Dihedral =          173.9304424     1-4 vdW  =           51.3717610
1-4 Elec =         -879.7101665     vdWaals  =         -116.7950910
Elec.    =          134.6665815     Egb      =         -921.0037187
TOTAL    =        -1507.2945471
