Bond     =           13.8726489     Angle    =           36.6531804
Dihedral =          167.9195946     1-4 vdW  =           52.1373744
1-4 Elec =         -957.4490727     vdWaals  =          -90.2031785
Elec.    =          262.1404055     Egb      =         -978.6420529
TOTAL    =        -1493.5711003
