Bond     =           13.0246143     Angle    =           37.3189152
Dihedral =          166.0276587     1-4 vdW  =           50.6449614
1-4 Elec =         -882.8919907     vdWaals  =         -105.9742150
Elec.    =          291.1746763     Egb      =        -1053.0078630
TOTAL    =        -1483.6832428
