Bond     =           14.3580842     Angle    =           49.0238627
Dihedral =          189.5997344     1-4 vdW  =           54.5283240
1-4 Elec =        -1050.2319932     vdWaals  =          -87.0806979
Elec.    =          276.9730862     Egb      =         -976.4181969
TOTAL    =        -1529.2477966
