Bond     =           12.5771003     Angle    =           35.6770337
Dihedral =          173.9117757     1-4 vdW  =           51.2286404
1-4 Elec =         -776.1188185     vdWaals  =         -104.1940773
Elec.    =          145.9115403     Egb      =         -954.5465732
TOTAL    =        -1415.5533786
