Bond     =           13.2139412     Angle    =           47.0545217
Dihedral =          177.6120549     1-4 vdW  =           53.8917224
1-4 Elec =         -814.0999927     vdWaals  =         -107.9571776
Elec.    =          148.3224448     Egb      =         -962.8304202
TOTAL    =        -1444.7929056
