Bond     =           13.5513969     Angle    =           36.6691278
Dihedral =          164.5272495     1-4 vdW  =           50.8777917
1-4 Elec =         -897.4374782     vdWaals  =          -96.3595636
Elec.    =          242.5546363     Egb      =         -982.1253402
TOTAL    =        -1467.7421798
