Bond     =           13.0363104     Angle    =           33.6454014
Dihedral =          173.4315423     1-4 vdW  =           50.6225107
1-4 Elec =         -879.4305124     vdWaals  =          -98.6705342
Elec.    =          291.7214579     Egb      =        -1058.0513292
TOTAL    =        -1473.6951529
