Bond     =           14.9956022     Angle    =           38.2539479
Dihedral =          160.8469670     1-4 vdW  =           51.9725492
1-4 Elec =         -889.1133972     vdWaals  =          -95.4031345
Elec.    =          241.6171622     Egb      =         -982.0239225
TOTAL    =        -1458.8542258
