Bond     =           13.1683625     Angle    =           36.6352209
Dihedral =          167.3870202     1-4 vdW  =           51.6908164
1-4 Elec =         -785.4044136     vdWaals  =          -88.9678802
Elec.    =          179.4094485     Egb      =         -956.8747941
TOTAL    =        -1382.9562194
