Bond     =           12.5023762     Angle    =           38.1989784
Dihedral =          171.0163089     1-4 vdW  =           51.7807587
1-4 Elec =         -773.0191022     vdWaals  =         -106.8059184
Elec.    =          132.1733108     Egb      =         -944.2548879
TOTAL    =        -1418.4081755
