Bond     =           12.2545814     Angle    =           40.6227640
Dihedral =          199.7624252     1-4 vdW  =           52.3246291
1-4 Elec =         -722.1689437     vdWaals  =          -90.1608459
Elec.    =          108.8278525     Egb      =         -933.0162517
TOTAL    =        -1331.5537890
