Bond     =           13.4708200     Angle    =           37.3651753
Dihedral =          175.1273992     1-4 vdW  =           50.9188645
1-4 Elec =         -817.8252417     vdWaals  =         -113.7474752
Elec.    =          135.4008890     Egb      =         -949.4469934
TOTAL    =        -1468.7365623
