Bond     =           11.8794292     Angle    =           40.7203072
Dihedral =          160.0533941     1-4 vdW  =           51.9335982
1-4 Elec =         -582.5507711     vdWaals  =         -118.3855901
Elec.    =           42.9415378     Egb      =         -974.5960500
TOTAL    =        -1368.0041446
