Bond     =           12.9689159     Angle    =           36.3431909
Dihedral =          169.6984579     1-4 vdW  =           50.2447539
1-4 Elec =         -820.9900814     vdWaals  =         -106.9974550
Elec.    =          212.5434442     Egb      =        -1012.5777398
TOTAL    =        -1458.7665133
