Bond     =           13.2135822     Angle    =           38.8821667
Dihedral =          174.9612387     1-4 vdW  =           51.6203243
1-4 Elec =         -876.6882315     vdWaals  =         -108.6007791
Elec.    =          135.8320828     Egb      =         -914.7657232
TOTAL    =        -1485.5453391
