Bond     =           11.5407554     Angle    =           33.9546772
Dihedral =          169.6548708     1-4 vdW  =           51.6587667
1-4 Elec =         -600.7851719     vdWaals  =         -115.8789249
Elec.    =           46.1055925     Egb      =         -923.4032251
TOTAL    =        -1327.1526591
