Bond     =           11.3787045     Angle    =           36.1803664
Dihedral =          174.5606452     1-4 vdW  =           52.5301003
1-4 Elec =         -585.3885791     vdWaals  =         -109.4575283
Elec.    =           19.1828158     Egb      =         -933.0587415
TOTAL    =        -1334.0722168
