Bond     =           12.1805452     Angle    =           34.8985484
Dihedral =          169.9173704     1-4 vdW  =           52.3058802
1-4 Elec =         -763.0391558     vdWaals  =         -110.1312996
Elec.    =          139.2173777     Egb      =         -960.4556622
TOTAL    =        -1425.1063957
