Bond     =           12.8794835     Angle    =           37.1170967
Dihedral =          172.6979768     1-4 vdW  =           52.8219300
1-4 Elec =         -822.5207067     vdWaals  =         -103.3729186
Elec.    =          131.6822885     Egb      =         -933.7578418
TOTAL    =        -1452.4526916
