Bond     =           12.1904927     Angle    =           37.1216628
Dihedral =          181.4615872     1-4 vdW  =           54.0534882
1-4 Elec =         -645.2301894     vdWaals  =         -102.1662133
Elec.    =           -3.0319450     Egb      =         -894.0803977
TOTAL    =        -1359.6815147
