Bond     =           12.8200018     Angle    =           38.1490861
Dihedral =          174.1819282     1-4 vdW  =           53.6478941
1-4 Elec =         -820.2522293     vdWaals  =         -105.8722272
Elec.    =          111.6293502     Egb      =         -914.0049828
TOTAL    =        -1449.7011790
