Bond     =           10.9848702     Angle    =           35.6656575
Dihedral =          168.6062098     1-4 vdW  =           52.2578412
1-4 Elec =         -556.6965825     vdWaals  =         -104.5954855
Elec.    =           26.6346504     Egb      =         -919.2725874
TOTAL    =        -1286.4154264
