Bond     =           11.3462038     Angle    =           35.6157489
Dihedral =          157.4673111     1-4 vdW  =           50.6052046
1-4 Elec =         -618.0078082     vdWaals  =         -105.2616391
Elec.    =          124.8075008     Egb      =         -968.7497420
TOTAL    =        -1312.1772201
