Bond     =           13.4459063     Angle    =           39.3000074
Dihedral =          168.0437917     1-4 vdW  =           52.6066182
1-4 Elec =         -923.5889666     vdWaals  =         -107.4973717
Elec.    =          166.5380284     Egb      =         -925.7347365
TOTAL    =        -1516.8867228
