Bond     =           11.6565107     Angle    =           47.6763874
Dihedral =          193.7675403     1-4 vdW  =           53.0693222
1-4 Elec =         -498.3794347     vdWaals  =          -96.5785604
Elec.    =          -30.0895198     Egb      =         -907.9275009
TOTAL    =        -1226.8052552
