Bond     =           13.5098758     Angle    =           60.1595478
Dihedral =          181.7681644     1-4 vdW  =           51.4868376
1-4 Elec =         -702.3540572     vdWaals  =         -111.6488057
Elec.    =          127.7801664     Egb      =         -988.3045853
TOTAL    =        -1367.6028561
