Bond     =           12.5112161     Angle    =           47.0166516
Dihedral =          183.9061618     1-4 vdW  =           53.8837330
1-4 Elec =         -763.2285345     vdWaals  =         -104.1804448
Elec.    =          136.2117458     Egb      =         -972.2382268
TOTAL    =        -1406.1176979
