Bond     =           13.5972073     Angle    =           57.4486320
Dihedral =          187.3395695     1-4 vdW  =           52.4361699
1-4 Elec =         -759.7506429     vdWaals  =         -108.1977139
Elec.    =          144.3149002     Egb      =         -980.8602494
TOTAL    =        -1393.6721273
