Bond     =           12.7522494     Angle    =           47.1243320
Dihedral =          199.1936755     1-4 vdW  =           53.1109757
1-4 Elec =         -812.3066915     vdWaals  =         -110.2749875
Elec.    =          123.1112133     Egb      =         -932.7006221
TOTAL    =        -1419.9898553
