Bond     =           13.0459519     Angle    =           42.3072848
Dihedral =          196.4478396     1-4 vdW  =           53.4070371
1-4 Elec =         -809.9151660     vdWaals  =         -113.6779059
Elec.    =          155.2453336     Egb      =         -962.1506759
TOTAL    =        -1425.2903009
