Bond     =           13.9194372     Angle    =           52.6174700
Dihedral =          181.2938090     1-4 vdW  =           50.8737994
1-4 Elec =         -813.1368247     vdWaals  =         -110.9337568
Elec.    =          180.7789535     Egb      =         -980.6004885
TOTAL    =        -1425.1876010
