Bond     =           13.3569145     Angle    =           41.8878438
Dihedral =          192.7122524     1-4 vdW  =           51.4096846
1-4 Elec =         -775.2359947     vdWaals  =         -103.6260818
Elec.    =          100.4571082     Egb      =         -907.8731475
TOTAL    =        -1386.9114204
