Bond     =           13.5828074     Angle    =           40.5727417
Dihedral =          183.2277007     1-4 vdW  =           51.5064735
1-4 Elec =         -773.4576584     vdWaals  =         -100.3245678
Elec.    =           89.8387489     Egb      =         -887.1710481
TOTAL    =        -1382.2248021
