Bond     =           13.4700332     Angle    =           36.5436770
Dihedral =          195.5016380     1-4 vdW  =           51.7424920
1-4 Elec =         -883.9756052     vdWaals  =         -110.1391880
Elec.    =          155.9451616     Egb      =         -912.0271123
TOTAL    =        -1452.9389035
