Bond     =           14.0739857     Angle    =           38.2211646
Dihedral =          199.7176750     1-4 vdW  =           52.8727239
1-4 Elec =         -944.9742261     vdWaals  =         -105.9288317
Elec.    =          111.3598801     Egb      =         -863.5639124
TOTAL    =        -1498.2215409
