Bond     =           12.6960176     Angle    =           35.9925763
Dihedral =          170.0968674     1-4 vdW  =           50.5061940
1-4 Elec =         -811.7694008     vdWaals  =          -99.5721500
Elec.    =          249.2997865     Egb      =        -1051.0760571
TOTAL    =        -1443.8261661
