Bond     =           11.7316495     Angle    =           40.7172147
Dihedral =          182.5254412     1-4 vdW  =           51.9009135
1-4 Elec =         -563.3026957     vdWaals  =          -80.2057765
Elec.    =          -39.4094809     Egb      =         -940.5728987
TOTAL    =        -1336.6156328
