Bond     =           12.9154518     Angle    =           39.7526414
Dihedral =          172.5053112     1-4 vdW  =           53.3509401
1-4 Elec =         -921.4069945     vdWaals  =          -90.8244016
Elec.    =          154.0334052     Egb      =         -941.7304351
TOTAL    =        -1521.4040816
