Bond     =           13.0442265     Angle    =           35.7060404
Dihedral =          163.1280856     1-4 vdW  =           51.3426178
1-4 Elec =         -814.3124531     vdWaals  =         -112.0817605
Elec.    =          239.6804575     Egb      =        -1040.3599150
TOTAL    =        -1463.8527008
