Bond     =           10.7594579     Angle    =           38.9209350
Dihedral =          199.4534873     1-4 vdW  =           53.4924402
1-4 Elec =         -513.8095142     vdWaals  =          -79.5184461
Elec.    =         -128.6333459     Egb      =         -867.8984446
TOTAL    =        -1287.2334303
