Bond     =           12.6656070     Angle    =           38.2866706
Dihedral =          173.4939945     1-4 vdW  =           53.4197009
1-4 Elec =         -922.3987835     vdWaals  =          -94.8436433
Elec.    =          168.0679336     Egb      =         -953.4294075
TOTAL    =        -1524.7379277
