Bond     =           10.7687026     Angle    =           39.6350467
Dihedral =          192.3688081     1-4 vdW  =           52.0584118
1-4 Elec =         -458.3878529     vdWaals  =          -72.5267065
Elec.    =         -118.3834867     Egb      =         -903.1130538
TOTAL    =        -1257.5801307
