Bond     =           13.1694510     Angle    =           39.1551124
Dihedral =          170.9452057     1-4 vdW  =           52.9210289
1-4 Elec =         -930.2481772     vdWaals  =         -102.5106043
Elec.    =          150.9385881     Egb      =         -909.4300198
TOTAL    =        -1515.0594151
