Bond     =           12.8001200     Angle    =           37.7111909
Dihedral =          175.7517564     1-4 vdW  =           51.4770852
1-4 Elec =         -757.4450358     vdWaals  =         -106.4105458
Elec.    =           96.4767955     Egb      =         -936.5159536
TOTAL    =        -1426.1545872
