Bond     =           12.7809608     Angle    =           34.8775457
Dihedral =          173.9973147     1-4 vdW  =           51.2723562
1-4 Elec =         -648.8366501     vdWaals  =         -101.0433981
Elec.    =           22.1978974     Egb      =         -915.5735058
TOTAL    =        -1370.3274792
