Bond     =           13.6360911     Angle    =           36.9779245
Dihedral =          176.2076912     1-4 vdW  =           51.9485079
1-4 Elec =         -936.2640847     vdWaals  =         -106.7124497
Elec.    =          192.4764274     Egb      =         -937.5137718
TOTAL    =        -1509.2436640
