Bond     =           13.3519622     Angle    =           38.8652732
Dihedral =          176.6214701     1-4 vdW  =           51.9145682
1-4 Elec =         -758.4878185     vdWaals  =         -109.0783357
Elec.    =           84.5638142     Egb      =         -931.4304005
TOTAL    =        -1433.6794668
