Bond     =           11.0144226     Angle    =           39.0966200
Dihedral =          192.4455195     1-4 vdW  =           50.2203859
1-4 Elec =         -442.3325433     vdWaals  =          -95.1262832
Elec.    =           -1.6954085     Egb      =         -928.4113843
TOTAL    =        -1174.7886713
