Bond     =           11.2132357     Angle    =           40.6824761
Dihedral =          190.5779431     1-4 vdW  =           50.7853128
1-4 Elec =         -501.0531752     vdWaals  =          -89.7414714
Elec.    =           36.3950210     Egb      =         -941.1175691
TOTAL    =        -1202.2582269
