Bond     =           12.4584299     Angle    =           32.7257241
Dihedral =          167.3147875     1-4 vdW  =           48.7645267
1-4 Elec =         -759.6921247     vdWaals  =         -114.8584452
Elec.    =          182.3534887     Egb      =        -1002.0277542
TOTAL    =        -1432.9613673
