Bond     =           11.1932234     Angle    =           32.7029311
Dihedral =          168.8480825     1-4 vdW  =           48.4120383
1-4 Elec =         -555.0547167     vdWaals  =         -110.5442841
Elec.    =           98.6628703     Egb      =         -985.1287944
TOTAL    =        -1290.9086495
