Bond     =           12.8376326     Angle    =           33.7791416
Dihedral =          174.3798608     1-4 vdW  =           47.9622796
1-4 Elec =         -566.8768307     vdWaals  =         -102.7983313
Elec.    =           96.1419928     Egb      =         -952.8466327
TOTAL    =        -1257.4208874
