Bond     =           12.5825345     Angle    =           32.3051365
Dihedral =          167.9712031     1-4 vdW  =           48.6731789
1-4 Elec =         -760.3798669     vdWaals  =         -114.4688407
Elec.    =          176.8741720     Egb      =         -996.9484939
TOTAL    =        -1433.3909765
