Bond     =           12.7909095     Angle    =           32.0131069
Dihedral =          166.7643099     1-4 vdW  =           49.4883901
1-4 Elec =         -757.0473882     vdWaals  =         -119.2909375
Elec.    =          183.7357877     Egb      =        -1004.5660281
TOTAL    =        -1436.1118496
