Bond     =           10.9375980     Angle    =           40.6701505
Dihedral =          175.7623596     1-4 vdW  =           48.6634063
1-4 Elec =         -516.1171241     vdWaals  =         -102.0309132
Elec.    =           46.3620423     Egb      =         -931.2897830
TOTAL    =        -1227.0422637
