Bond     =           12.2862340     Angle    =           32.5915910
Dihedral =          170.9595195     1-4 vdW  =           48.8560124
1-4 Elec =         -759.1783912     vdWaals  =         -114.3042299
Elec.    =          162.8970532     Egb      =         -982.7318125
TOTAL    =        -1428.6240235
