Bond     =           13.8330577     Angle    =           37.8241591
Dihedral =          167.9001870     1-4 vdW  =           54.1752447
1-4 Elec =        -1074.4471703     vdWaals  =          -97.7345832
Elec.    =          304.6249654     Egb      =         -965.6024976
TOTAL    =        -1559.4266373
