Bond     =           12.1976069     Angle    =           35.6109510
Dihedral =          176.1123290     1-4 vdW  =           50.6166605
1-4 Elec =         -669.2184114     vdWaals  =          -99.1067585
Elec.    =          104.7634243     Egb      =         -946.7912025
TOTAL    =        -1335.8154007
