Bond     =           12.4649953     Angle    =           41.8649987
Dihedral =          172.1997400     1-4 vdW  =           53.7893141
1-4 Elec =         -800.8716398     vdWaals  =          -99.8735040
Elec.    =           83.1829715     Egb      =         -935.9039649
TOTAL    =        -1473.1470891
