Bond     =           12.4274757     Angle    =           42.2433180
Dihedral =          170.8207634     1-4 vdW  =           52.4924447
1-4 Elec =         -743.1165022     vdWaals  =         -106.1831394
Elec.    =           59.1008903     Egb      =         -930.3350120
TOTAL    =        -1442.5497614
