Bond     =           11.4692089     Angle    =           36.6716259
Dihedral =          168.9587682     1-4 vdW  =           51.1787143
1-4 Elec =         -599.8336562     vdWaals  =         -112.8917058
Elec.    =           78.7629372     Egb      =         -972.6733304
TOTAL    =        -1338.3574379
