Bond     =           14.1480686     Angle    =           35.0449245
Dihedral =          166.0237246     1-4 vdW  =           53.0526780
1-4 Elec =        -1214.5839000     vdWaals  =         -111.8184099
Elec.    =          408.1371971     Egb      =        -1024.9288271
TOTAL    =        -1674.9245441
