Bond     =           12.2394567     Angle    =           37.2522663
Dihedral =          189.9971399     1-4 vdW  =           53.2298185
1-4 Elec =         -588.1055057     vdWaals  =         -113.6712634
Elec.    =           73.4944265     Egb      =         -987.9074597
TOTAL    =        -1323.4711209
