Bond     =           12.0751260     Angle    =           36.1625575
Dihedral =          170.7999722     1-4 vdW  =           52.6597714
1-4 Elec =         -597.2294353     vdWaals  =         -108.4229563
Elec.    =           78.2420395     Egb      =         -968.0337664
TOTAL    =        -1323.7466914
