Bond     =           13.2009934     Angle    =           35.2853500
Dihedral =          169.3321822     1-4 vdW  =           49.5283192
1-4 Elec =         -839.4153973     vdWaals  =         -107.0325922
Elec.    =          350.5926067     Egb      =        -1083.3990695
TOTAL    =        -1411.9076076
