Bond     =           12.2260438     Angle    =           36.3939838
Dihedral =          168.5688274     1-4 vdW  =           53.9122049
1-4 Elec =         -824.9149659     vdWaals  =         -104.4660718
Elec.    =          181.2767865     Egb      =         -989.2795586
TOTAL    =        -1466.2827500
