Bond     =           12.1335833     Angle    =           35.8092685
Dihedral =          165.3657236     1-4 vdW  =           50.9675494
1-4 Elec =         -611.8843136     vdWaals  =         -111.1301221
Elec.    =          135.7615434     Egb      =         -998.6642296
TOTAL    =        -1321.6409969
