Bond     =           12.6571243     Angle    =           36.0863909
Dihedral =          160.0909758     1-4 vdW  =           52.2446594
1-4 Elec =         -883.1151772     vdWaals  =         -112.4564455
Elec.    =          294.8264411     Egb      =        -1053.8340649
TOTAL    =        -1493.5000960
