Bond     =           11.0083550     Angle    =           35.9500732
Dihedral =          181.0628555     1-4 vdW  =           50.5454294
1-4 Elec =         -506.6900611     vdWaals  =         -100.1035261
Elec.    =           57.3820162     Egb      =         -953.8466540
TOTAL    =        -1224.6915118
