Bond     =           14.3440990     Angle    =           35.7438540
Dihedral =          165.3750281     1-4 vdW  =           53.5391146
1-4 Elec =        -1214.5653579     vdWaals  =         -109.0148753
Elec.    =          420.3147436     Egb      =        -1037.5821514
TOTAL    =        -1671.8455455
