Bond     =           12.8625029     Angle    =           36.4101332
Dihedral =          167.5321531     1-4 vdW  =           48.8202663
1-4 Elec =         -741.6390493     vdWaals  =         -103.0203967
Elec.    =          160.9347176     Egb      =        -1016.8769899
TOTAL    =        -1434.9766629
