Bond     =           12.5745322     Angle    =           34.6634013
Dihedral =          170.8055309     1-4 vdW  =           53.6436701
1-4 Elec =         -924.8509092     vdWaals  =         -108.7417606
Elec.    =          215.1136095     Egb      =         -991.0798362
TOTAL    =        -1537.8717620
