Bond     =           12.5678555     Angle    =           35.2367696
Dihedral =          162.1191424     1-4 vdW  =           49.6033630
1-4 Elec =         -742.6262302     vdWaals  =         -108.3175696
Elec.    =          194.8102377     Egb      =        -1047.4763763
TOTAL    =        -1444.0828080
