Bond     =           11.5226281     Angle    =           35.4496326
Dihedral =          175.2006426     1-4 vdW  =           51.8228933
1-4 Elec =         -594.3433029     vdWaals  =         -109.5855523
Elec.    =           70.6113003     Egb      =         -968.3252199
TOTAL    =        -1327.6469783
