Bond     =           11.7474541     Angle    =           37.5530785
Dihedral =          175.3221708     1-4 vdW  =           51.4197004
1-4 Elec =         -589.1664467     vdWaals  =         -113.4035675
Elec.    =           49.2376551     Egb      =         -950.9339129
TOTAL    =        -1328.2238682
