Bond     =           13.6700057     Angle    =           37.0503223
Dihedral =          169.3080471     1-4 vdW  =           48.7646463
1-4 Elec =         -819.7637085     vdWaals  =          -96.4898292
Elec.    =          193.1488730     Egb      =         -993.9797867
TOTAL    =        -1448.2914299
