Bond     =           10.4673521     Angle    =           34.2611396
Dihedral =          167.0971281     1-4 vdW  =           50.3715781
1-4 Elec =         -435.0666755     vdWaals  =         -107.8323007
Elec.    =           46.7926416     Egb      =        -1004.8868130
TOTAL    =        -1238.7959497
