Bond     =           13.5811205     Angle    =           39.6382118
Dihedral =          193.0419681     1-4 vdW  =           46.6889841
1-4 Elec =         -620.6184434     vdWaals  =          -57.9113933
Elec.    =           74.4759651     Egb      =         -945.8031243
TOTAL    =        -1256.9067115
