Bond     =           11.3795071     Angle    =           33.2628027
Dihedral =          177.2904886     1-4 vdW  =           50.1311540
1-4 Elec =         -537.0963194     vdWaals  =         -118.7030591
Elec.    =          120.6750076     Egb      =        -1037.6177342
TOTAL    =        -1300.6781527
