Bond     =           12.6316599     Angle    =           34.8330891
Dihedral =          160.8210320     1-4 vdW  =           52.0098756
1-4 Elec =         -878.2276638     vdWaals  =         -113.6323012
Elec.    =          293.5202269     Egb      =        -1059.5620053
TOTAL    =        -1497.6060866
