Bond     =           13.0318709     Angle    =           35.8051024
Dihedral =          178.1890813     1-4 vdW  =           50.8944557
1-4 Elec =         -901.4953815     vdWaals  =         -107.4877708
Elec.    =          371.0369056     Egb      =        -1074.4281114
TOTAL    =        -1434.4538479
