Bond     =           11.3526099     Angle    =           34.2563674
Dihedral =          173.9767006     1-4 vdW  =           52.4568569
1-4 Elec =         -665.2912856     vdWaals  =         -108.1133839
Elec.    =          105.3021805     Egb      =         -951.8027316
TOTAL    =        -1347.8626859
