Bond     =           14.0073094     Angle    =           38.6622181
Dihedral =          182.8842233     1-4 vdW  =           50.6526479
1-4 Elec =         -530.1481441     vdWaals  =         -121.1248905
Elec.    =           18.8538146     Egb      =         -950.3651777
TOTAL    =        -1296.5779990
