Bond     =           13.1690904     Angle    =           35.3929400
Dihedral =          180.3738267     1-4 vdW  =           53.4076911
1-4 Elec =        -1039.8429006     vdWaals  =         -114.3285454
Elec.    =          244.2003928     Egb      =         -955.5737415
TOTAL    =        -1583.2012465
