Bond     =           11.4395876     Angle    =           37.7777281
Dihedral =          184.9091554     1-4 vdW  =           53.6821512
1-4 Elec =         -567.2150326     vdWaals  =         -125.9140055
Elec.    =          -26.0409826     Egb      =         -936.0535469
TOTAL    =        -1367.4149453
