Bond     =           13.2581389     Angle    =           38.7341361
Dihedral =          192.5614112     1-4 vdW  =           46.7147727
1-4 Elec =         -619.5599824     vdWaals  =          -69.1539947
Elec.    =          112.0143178     Egb      =         -976.6487638
TOTAL    =        -1262.0799641
