Bond     =           13.4279916     Angle    =           36.8846891
Dihedral =          181.5397549     1-4 vdW  =           54.5486122
1-4 Elec =        -1099.5705831     vdWaals  =         -110.9957683
Elec.    =          277.5140421     Egb      =         -960.1476149
TOTAL    =        -1606.7988765
