Bond     =           11.9035296     Angle    =           37.9398396
Dihedral =          177.2365362     1-4 vdW  =           52.2849743
1-4 Elec =         -512.0760473     vdWaals  =         -116.1140938
Elec.    =          -23.0361845     Egb      =         -964.6280507
TOTAL    =        -1336.4894966
