Bond     =           12.7860793     Angle    =           35.7969817
Dihedral =          190.2646215     1-4 vdW  =           53.1230754
1-4 Elec =         -685.8108778     vdWaals  =         -125.2521275
Elec.    =           40.0299968     Egb      =         -942.8459791
TOTAL    =        -1421.9082297
