Bond     =           13.2552143     Angle    =           36.1652283
Dihedral =          153.2237389     1-4 vdW  =           49.1883665
1-4 Elec =         -836.4531409     vdWaals  =         -111.1219804
Elec.    =          286.4435993     Egb      =        -1037.7723503
TOTAL    =        -1447.0713242
