Bond     =           13.0660840     Angle    =           45.6063344
Dihedral =          182.0849599     1-4 vdW  =           50.6994234
1-4 Elec =         -651.8031080     vdWaals  =          -92.9735324
Elec.    =          134.8255686     Egb      =         -998.2859185
TOTAL    =        -1316.7801886
