Bond     =           12.4094274     Angle    =           39.2546386
Dihedral =          169.8881140     1-4 vdW  =           54.0653994
1-4 Elec =         -804.6517025     vdWaals  =         -100.6907379
Elec.    =           95.6437394     Egb      =         -944.0963142
TOTAL    =        -1478.1774356
