Bond     =           12.8353158     Angle    =           39.0860843
Dihedral =          164.6741745     1-4 vdW  =           52.7801681
1-4 Elec =         -859.7737718     vdWaals  =         -102.2263364
Elec.    =          149.2651997     Egb      =         -957.6832458
TOTAL    =        -1501.0424117
