Bond     =           13.0753195     Angle    =           40.6541018
Dihedral =          165.1663822     1-4 vdW  =           53.9324355
1-4 Elec =         -919.0059286     vdWaals  =          -99.1474362
Elec.    =          165.6306659     Egb      =         -951.0521359
TOTAL    =        -1530.7465958
