Bond     =           11.6695538     Angle    =           40.3598799
Dihedral =          189.1841407     1-4 vdW  =           48.8998934
1-4 Elec =         -545.2959345     vdWaals  =         -100.6680810
Elec.    =           98.1030926     Egb      =         -988.4072178
TOTAL    =        -1246.1546729
