Bond     =           12.0161888     Angle    =           43.2713840
Dihedral =          186.2570118     1-4 vdW  =           52.3545641
1-4 Elec =         -654.1561201     vdWaals  =         -106.0163953
Elec.    =           70.2717642     Egb      =         -941.2522354
TOTAL    =        -1337.2538379
