Bond     =           11.6402217     Angle    =           40.0492492
Dihedral =          181.5332108     1-4 vdW  =           55.1036962
1-4 Elec =         -703.9118426     vdWaals  =         -107.5008078
Elec.    =           63.2435647     Egb      =         -941.0160859
TOTAL    =        -1400.8587937
