Bond     =           11.4991070     Angle    =           40.3484840
Dihedral =          176.3639033     1-4 vdW  =           54.3549094
1-4 Elec =         -717.8425028     vdWaals  =         -104.3690965
Elec.    =           76.6992782     Egb      =         -923.2558616
TOTAL    =        -1386.2017788
