Bond     =           12.2952141     Angle    =           42.1393623
Dihedral =          179.5720767     1-4 vdW  =           55.9071412
1-4 Elec =         -805.0674420     vdWaals  =         -106.3009522
Elec.    =           89.2603088     Egb      =         -933.0434114
TOTAL    =        -1465.2377025
