Bond     =           11.0725482     Angle    =           38.4297635
Dihedral =          173.2242433     1-4 vdW  =           52.1754081
1-4 Elec =         -524.0764521     vdWaals  =         -113.3873224
Elec.    =           21.0520043     Egb      =         -967.6552223
TOTAL    =        -1309.1650294
