Bond     =           12.2081188     Angle    =           39.8154868
Dihedral =          173.2858115     1-4 vdW  =           49.4913330
1-4 Elec =         -551.1519591     vdWaals  =         -100.5374010
Elec.    =           92.4829108     Egb      =         -984.3486485
TOTAL    =        -1268.7543477
