Bond     =           11.2423529     Angle    =           37.5108590
Dihedral =          167.7077089     1-4 vdW  =           51.8546137
1-4 Elec =         -525.1242238     vdWaals  =         -113.3798735
Elec.    =           20.7901379     Egb      =         -969.1372191
TOTAL    =        -1318.5356440
