Bond     =           11.7007944     Angle    =           45.9352165
Dihedral =          175.5304922     1-4 vdW  =           55.1035917
1-4 Elec =         -707.7365432     vdWaals  =         -107.0126359
Elec.    =           73.1343510     Egb      =         -945.3073130
TOTAL    =        -1398.6520464
