Bond     =           12.3822914     Angle    =           45.4788001
Dihedral =          184.6789317     1-4 vdW  =           48.1532214
1-4 Elec =         -549.3268990     vdWaals  =          -86.7042947
Elec.    =           57.4962227     Egb      =         -956.4143482
TOTAL    =        -1244.2560746
