Bond     =           12.0807118     Angle    =           50.1463737
Dihedral =          185.1103373     1-4 vdW  =           52.1545907
1-4 Elec =         -653.9818959     vdWaals  =         -101.1601912
Elec.    =           60.0844992     Egb      =         -933.6704274
TOTAL    =        -1329.2360019
