Bond     =           12.7034017     Angle    =           49.3426655
Dihedral =          179.7522255     1-4 vdW  =           53.6052179
1-4 Elec =         -820.0714866     vdWaals  =         -102.0182421
Elec.    =          164.3486757     Egb      =         -967.7215331
TOTAL    =        -1430.0590756
