Bond     =           11.5274460     Angle    =           38.3211078
Dihedral =          163.9429945     1-4 vdW  =           50.4135122
1-4 Elec =         -525.9869572     vdWaals  =         -110.4801719
Elec.    =           31.3181917     Egb      =         -981.9013728
TOTAL    =        -1322.8452498
