Bond     =           13.3841750     Angle    =           38.2949033
Dihedral =          178.3647458     1-4 vdW  =           54.0658824
1-4 Elec =         -996.3801504     vdWaals  =          -97.2151930
Elec.    =          274.7681689     Egb      =         -990.8861477
TOTAL    =        -1525.6036157
