Bond     =           12.0881526     Angle    =           42.7203171
Dihedral =          180.4555639     1-4 vdW  =           52.4017917
1-4 Elec =         -581.8537275     vdWaals  =         -116.7558257
Elec.    =           12.7695574     Egb      =         -930.2250492
TOTAL    =        -1328.3992196
