Bond     =           13.5997550     Angle    =           35.8458027
Dihedral =          167.9025504     1-4 vdW  =           51.6042510
1-4 Elec =         -945.5367364     vdWaals  =         -102.9073137
Elec.    =          220.4100143     Egb      =         -944.6762112
TOTAL    =        -1503.7578878
