Bond     =           13.6999882     Angle    =           35.1784451
Dihedral =          175.7710352     1-4 vdW  =           54.6609329
1-4 Elec =        -1009.2428944     vdWaals  =          -98.6033700
Elec.    =          251.6218814     Egb      =         -942.3602002
TOTAL    =        -1519.2741818
