Bond     =           11.7535000     Angle    =           38.1295832
Dihedral =          168.6645932     1-4 vdW  =           52.6502450
1-4 Elec =         -643.4459638     vdWaals  =         -108.2105630
Elec.    =           31.0699464     Egb      =         -935.6781547
TOTAL    =        -1385.0668137
