Bond     =           12.4580297     Angle    =           34.8161151
Dihedral =          174.8276865     1-4 vdW  =           53.0760344
1-4 Elec =         -899.6089662     vdWaals  =          -93.2657405
Elec.    =          194.1317746     Egb      =         -928.4045292
TOTAL    =        -1451.9695956
