Bond     =           14.2343581     Angle    =           35.7440806
Dihedral =          183.6377991     1-4 vdW  =           54.5150971
1-4 Elec =        -1170.5011595     vdWaals  =          -91.3580118
Elec.    =          331.6497503     Egb      =         -962.7518359
TOTAL    =        -1604.8299221
