Bond     =           13.5949637     Angle    =           34.7822570
Dihedral =          173.1276881     1-4 vdW  =           52.3355876
1-4 Elec =        -1006.2435436     vdWaals  =          -97.1103925
Elec.    =          237.8939197     Egb      =         -934.8120045
TOTAL    =        -1526.4315245
