Bond     =           11.5617520     Angle    =           43.0558353
Dihedral =          178.0944258     1-4 vdW  =           50.3514624
1-4 Elec =         -526.5862456     vdWaals  =          -96.6194867
Elec.    =           63.5722171     Egb      =        -1007.6666957
TOTAL    =        -1284.2367352
