Bond     =           12.9865954     Angle    =           37.8492620
Dihedral =          195.1201800     1-4 vdW  =           53.6500108
1-4 Elec =         -831.1372114     vdWaals  =          -86.8843743
Elec.    =          197.5040819     Egb      =         -982.9613273
TOTAL    =        -1403.8727828
