Bond     =           11.7915954     Angle    =           43.2592907
Dihedral =          197.3740730     1-4 vdW  =           51.6071449
1-4 Elec =         -484.2346262     vdWaals  =         -109.7714111
Elec.    =          -25.8985049     Egb      =         -924.8707260
TOTAL    =        -1240.7431642
