Bond     =           16.6590815     Angle    =           44.7969244
Dihedral =          182.5809079     1-4 vdW  =           50.7220323
1-4 Elec =         -421.5813498     vdWaals  =          -92.0547263
Elec.    =          -30.4120109     Egb      =         -959.8850589
TOTAL    =        -1209.1741998
