Bond     =           12.8772635     Angle    =           36.5617718
Dihedral =          159.3534380     1-4 vdW  =           51.7375544
1-4 Elec =         -879.3027003     vdWaals  =         -110.8904994
Elec.    =          301.4819439     Egb      =        -1064.0175530
TOTAL    =        -1492.1987811
