Bond     =           11.5710508     Angle    =           30.8780299
Dihedral =          183.5672142     1-4 vdW  =           53.1676469
1-4 Elec =         -767.6814339     vdWaals  =         -110.6851463
Elec.    =          236.3273780     Egb      =        -1046.8464257
TOTAL    =        -1409.7016861
