Bond     =           10.0328176     Angle    =           34.5266789
Dihedral =          190.6048068     1-4 vdW  =           55.3996928
1-4 Elec =         -532.3917776     vdWaals  =         -107.9076311
Elec.    =          -51.8526323     Egb      =         -903.4321905
TOTAL    =        -1305.0202353
