Bond     =           12.4863939     Angle    =           32.6909290
Dihedral =          174.2304346     1-4 vdW  =           52.8641581
1-4 Elec =         -874.6611885     vdWaals  =         -110.4397187
Elec.    =          283.3245571     Egb      =        -1051.9159557
TOTAL    =        -1481.4203902
