Bond     =           11.5040343     Angle    =           35.2784477
Dihedral =          177.6514088     1-4 vdW  =           54.8317562
1-4 Elec =         -716.5238719     vdWaals  =         -101.4547872
Elec.    =           77.2556312     Egb      =         -931.0007494
TOTAL    =        -1392.4581302
