Bond     =           11.7327153     Angle    =           37.0343843
Dihedral =          178.1523324     1-4 vdW  =           55.3610453
1-4 Elec =         -701.5827379     vdWaals  =         -104.9368129
Elec.    =           34.3026978     Egb      =         -923.5003848
TOTAL    =        -1413.4367603
