Bond     =           10.2893841     Angle    =           39.2839223
Dihedral =          173.1442006     1-4 vdW  =           52.9564971
1-4 Elec =         -455.3006644     vdWaals  =         -113.2361833
Elec.    =          -17.3074413     Egb      =         -995.0352382
TOTAL    =        -1305.2055231
