Bond     =           10.2177240     Angle    =           39.8749554
Dihedral =          167.0423524     1-4 vdW  =           51.8634835
1-4 Elec =         -397.6713140     vdWaals  =         -111.7084402
Elec.    =          -17.3798302     Egb      =        -1023.9263722
TOTAL    =        -1281.6874412
