Bond     =           11.6361024     Angle    =           38.0219809
Dihedral =          172.6333676     1-4 vdW  =           50.3320286
1-4 Elec =         -541.0980050     vdWaals  =         -100.4734188
Elec.    =           98.2467206     Egb      =        -1011.9233378
TOTAL    =        -1282.6245615
