Bond     =           11.1276082     Angle    =           37.4072986
Dihedral =          179.0449309     1-4 vdW  =           53.2787963
1-4 Elec =         -626.7453429     vdWaals  =         -103.7305761
Elec.    =           24.6526423     Egb      =         -961.4044722
TOTAL    =        -1386.3691150
