Bond     =           11.9942158     Angle    =           36.1784974
Dihedral =          184.8819274     1-4 vdW  =           51.9839979
1-4 Elec =         -673.5907506     vdWaals  =          -97.1090272
Elec.    =          159.7785830     Egb      =         -992.3595121
TOTAL    =        -1318.2420684
