Bond     =           10.2986549     Angle    =           39.2548534
Dihedral =          177.9364652     1-4 vdW  =           53.5915612
1-4 Elec =         -459.3966200     vdWaals  =         -107.8062091
Elec.    =          -30.4666852     Egb      =         -983.3859705
TOTAL    =        -1299.9739502
