Bond     =           11.8427441     Angle    =           31.6260198
Dihedral =          188.7675686     1-4 vdW  =           52.2469541
1-4 Elec =         -666.2115948     vdWaals  =          -99.6610421
Elec.    =          127.9982073     Egb      =         -971.1239951
TOTAL    =        -1324.5151381
