Bond     =           12.8735899     Angle    =           40.8059773
Dihedral =          177.8367701     1-4 vdW  =           52.3400914
1-4 Elec =         -864.8800664     vdWaals  =          -99.6564232
Elec.    =          170.8656868     Egb      =         -974.5846807
TOTAL    =        -1484.3990548
