Bond     =           10.0302607     Angle    =           38.8412534
Dihedral =          174.2440004     1-4 vdW  =           53.4416199
1-4 Elec =         -455.3362440     vdWaals  =         -108.6322148
Elec.    =          -17.2721296     Egb      =         -996.3299753
TOTAL    =        -1301.0134294
