Bond     =           12.2676852     Angle    =           40.0397826
Dihedral =          170.4322498     1-4 vdW  =           51.5675796
1-4 Elec =         -645.9633849     vdWaals  =         -108.2475423
Elec.    =           63.8529825     Egb      =         -944.9313524
TOTAL    =        -1360.9819999
