Bond     =           11.9328876     Angle    =           36.2943150
Dihedral =          172.8532928     1-4 vdW  =           50.0121124
1-4 Elec =         -591.4036678     vdWaals  =         -105.7196187
Elec.    =           74.8503810     Egb      =         -979.6175529
TOTAL    =        -1330.7978507
