Bond     =           11.5590617     Angle    =           37.7288108
Dihedral =          177.2376854     1-4 vdW  =           50.6817449
1-4 Elec =         -483.4000817     vdWaals  =         -109.1066772
Elec.    =           -0.2944436     Egb      =         -940.1474553
TOTAL    =        -1255.7413551
