Bond     =           12.2754834     Angle    =           40.2959334
Dihedral =          175.1862294     1-4 vdW  =           52.3193052
1-4 Elec =         -706.7658415     vdWaals  =          -99.4762431
Elec.    =           61.6900892     Egb      =         -918.3176571
TOTAL    =        -1382.7927011
