Bond     =           12.7721598     Angle    =           34.6914480
Dihedral =          170.8223808     1-4 vdW  =           49.2260818
1-4 Elec =         -708.7350902     vdWaals  =          -93.6160160
Elec.    =          136.1685062     Egb      =         -973.8846783
TOTAL    =        -1372.5552080
