Bond     =           12.7520723     Angle    =           50.9873843
Dihedral =          171.8284024     1-4 vdW  =           52.4999296
1-4 Elec =         -772.3879216     vdWaals  =         -106.2729722
Elec.    =          160.5725766     Egb      =         -976.6172776
TOTAL    =        -1406.6378063
