Bond     =           12.9761255     Angle    =           44.2441000
Dihedral =          183.4783864     1-4 vdW  =           53.5812651
1-4 Elec =         -754.6009985     vdWaals  =         -117.1624479
Elec.    =           92.3398625     Egb      =         -929.6367855
TOTAL    =        -1414.7804926
