Bond     =           13.1523047     Angle    =           49.9812112
Dihedral =          185.2786575     1-4 vdW  =           53.4167245
1-4 Elec =         -820.4435669     vdWaals  =          -97.2038675
Elec.    =          162.1578039     Egb      =         -964.7243751
TOTAL    =        -1418.3851077
