Bond     =           13.2477826     Angle    =           45.3678088
Dihedral =          192.4083211     1-4 vdW  =           51.5278841
1-4 Elec =         -778.6154103     vdWaals  =         -105.1245754
Elec.    =          178.7565581     Egb      =         -969.1678452
TOTAL    =        -1371.5994762
