Bond     =           13.6579587     Angle    =           47.6806458
Dihedral =          195.2285872     1-4 vdW  =           53.5168011
1-4 Elec =         -936.4155957     vdWaals  =         -104.5252439
Elec.    =          240.3558384     Egb      =         -978.2354713
TOTAL    =        -1468.7364797
