Bond     =           12.2939961     Angle    =           48.4095239
Dihedral =          189.9148947     1-4 vdW  =           53.4491553
1-4 Elec =         -664.1551770     vdWaals  =         -104.1272958
Elec.    =          105.7159589     Egb      =         -965.2446431
TOTAL    =        -1323.7435869
