Bond     =           12.7774122     Angle    =           47.5795544
Dihedral =          170.1040934     1-4 vdW  =           52.6905382
1-4 Elec =         -772.7299056     vdWaals  =         -106.8790212
Elec.    =          160.7465136     Egb      =         -981.0301948
TOTAL    =        -1416.7410099
