Bond     =           13.1784254     Angle    =           52.5433631
Dihedral =          188.3719960     1-4 vdW  =           51.6945607
1-4 Elec =         -696.4366261     vdWaals  =         -114.6478168
Elec.    =           54.4736326     Egb      =         -916.1370349
TOTAL    =        -1366.9595000
