Bond     =           14.7611909     Angle    =           36.4064500
Dihedral =          172.7892874     1-4 vdW  =           52.0872358
1-4 Elec =        -1034.3925411     vdWaals  =          -99.7876772
Elec.    =          253.0271586     Egb      =         -972.7498566
TOTAL    =        -1577.8587521
