Bond     =           14.2885566     Angle    =           36.0522480
Dihedral =          173.8923519     1-4 vdW  =           52.9244446
1-4 Elec =        -1035.2289242     vdWaals  =         -104.7525327
Elec.    =          245.9802564     Egb      =         -965.1603103
TOTAL    =        -1582.0039097
