Bond     =           14.2464529     Angle    =           35.4699354
Dihedral =          172.3716992     1-4 vdW  =           51.8790357
1-4 Elec =         -974.8274839     vdWaals  =         -108.0846701
Elec.    =          248.0526791     Egb      =         -991.4327341
TOTAL    =        -1552.3250857
