Bond     =           14.3628973     Angle    =           36.7846282
Dihedral =          176.2173566     1-4 vdW  =           53.7893315
1-4 Elec =        -1093.6327282     vdWaals  =          -99.1486622
Elec.    =          244.9317322     Egb      =         -940.3463878
TOTAL    =        -1607.0418323
