Bond     =           14.8120929     Angle    =           35.4619309
Dihedral =          173.7403733     1-4 vdW  =           51.7987319
1-4 Elec =         -928.9548654     vdWaals  =          -98.6461609
Elec.    =          179.4672038     Egb      =         -939.5649660
TOTAL    =        -1511.8856595
