Bond     =           13.5420384     Angle    =           37.8098025
Dihedral =          182.3741303     1-4 vdW  =           52.6105976
1-4 Elec =         -931.4977417     vdWaals  =          -94.5817165
Elec.    =          175.9172982     Egb      =         -927.7585276
TOTAL    =        -1491.5841188
