Bond     =           11.9370370     Angle    =           37.3979717
Dihedral =          180.2797927     1-4 vdW  =           52.3524848
1-4 Elec =         -651.0658259     vdWaals  =         -104.0432495
Elec.    =           58.4609232     Egb      =         -943.8321613
TOTAL    =        -1358.5130272
