Bond     =           10.8821216     Angle    =           36.3374450
Dihedral =          179.5554775     1-4 vdW  =           53.5347995
1-4 Elec =         -640.3255950     vdWaals  =         -104.6519786
Elec.    =           20.6577415     Egb      =         -931.3581811
TOTAL    =        -1375.3681696
