Bond     =           11.8069776     Angle    =           33.8459850
Dihedral =          177.0133294     1-4 vdW  =           52.3536340
1-4 Elec =         -752.9184604     vdWaals  =         -101.0579427
Elec.    =          118.9272423     Egb      =         -965.5820539
TOTAL    =        -1425.6112887
