Bond     =           11.6075130     Angle    =           34.9325902
Dihedral =          177.8984130     1-4 vdW  =           52.4712936
1-4 Elec =         -754.9411736     vdWaals  =         -101.8268832
Elec.    =           95.4421820     Egb      =         -942.1089703
TOTAL    =        -1426.5250352
