Bond     =           13.0858038     Angle    =           34.9388554
Dihedral =          168.7698722     1-4 vdW  =           50.4518366
1-4 Elec =         -672.1336377     vdWaals  =          -94.2891916
Elec.    =          116.7340117     Egb      =         -960.1744097
TOTAL    =        -1342.6168593
