Bond     =           13.1389459     Angle    =           41.3799058
Dihedral =          174.7299072     1-4 vdW  =           52.6678723
1-4 Elec =         -760.0950982     vdWaals  =          -99.4663716
Elec.    =          158.9680000     Egb      =         -990.1176305
TOTAL    =        -1408.7944692
