Bond     =           12.4634179     Angle    =           32.7325020
Dihedral =          173.0909975     1-4 vdW  =           50.6105381
1-4 Elec =         -681.3203933     vdWaals  =          -86.0166759
Elec.    =          151.5235170     Egb      =         -972.4215158
TOTAL    =        -1319.3376124
