Bond     =           12.2203022     Angle    =           34.3823007
Dihedral =          174.2913704     1-4 vdW  =           51.1902187
1-4 Elec =         -669.6655884     vdWaals  =          -87.5364298
Elec.    =          127.8713659     Egb      =         -976.9088331
TOTAL    =        -1334.1552935
