Bond     =           13.0949464     Angle    =           38.2386845
Dihedral =          180.7264243     1-4 vdW  =           52.2051732
1-4 Elec =         -755.9909834     vdWaals  =         -101.3695398
Elec.    =          120.7326582     Egb      =         -959.6074464
TOTAL    =        -1411.9700830
