Bond     =           12.6670579     Angle    =           40.1748530
Dihedral =          190.2991361     1-4 vdW  =           50.9444970
1-4 Elec =         -486.7602054     vdWaals  =          -95.3833942
Elec.    =          -60.2186148     Egb      =         -889.8284840
TOTAL    =        -1238.1051544
