Bond     =           11.8925643     Angle    =           34.2715164
Dihedral =          166.9845826     1-4 vdW  =           50.7019155
1-4 Elec =         -609.8329768     vdWaals  =          -95.6798406
Elec.    =          107.3400232     Egb      =         -978.3720799
TOTAL    =        -1312.6942951
