Bond     =           13.5262066     Angle    =           32.9342342
Dihedral =          167.9956441     1-4 vdW  =           51.0130621
1-4 Elec =         -881.8266634     vdWaals  =         -100.0129870
Elec.    =          217.3704114     Egb      =         -969.9664842
TOTAL    =        -1468.9665762
