Bond     =           11.5961294     Angle    =           33.9198074
Dihedral =          174.3485860     1-4 vdW  =           51.3918083
1-4 Elec =         -564.3117565     vdWaals  =          -86.9424187
Elec.    =           58.6042247     Egb      =         -945.3031835
TOTAL    =        -1266.6968028
