Bond     =           11.8672486     Angle    =           33.6771019
Dihedral =          161.9469754     1-4 vdW  =           51.6325088
1-4 Elec =         -709.5968381     vdWaals  =         -112.7481555
Elec.    =          174.0965479     Egb      =        -1008.3265158
TOTAL    =        -1397.4511269
