Bond     =           12.4172619     Angle    =           35.2811768
Dihedral =          167.7934132     1-4 vdW  =           54.3688142
1-4 Elec =         -813.3500115     vdWaals  =         -104.8040886
Elec.    =          121.8573746     Egb      =         -945.2734171
TOTAL    =        -1471.7094764
