Bond     =           11.0556778     Angle    =           42.3960583
Dihedral =          184.1778796     1-4 vdW  =           54.2020375
1-4 Elec =         -516.0991179     vdWaals  =         -118.7441324
Elec.    =          -44.0820701     Egb      =         -935.8573657
TOTAL    =        -1322.9510328
