Bond     =           11.0427918     Angle    =           40.7189382
Dihedral =          183.4937136     1-4 vdW  =           54.7092826
1-4 Elec =         -517.0054811     vdWaals  =         -110.7616558
Elec.    =          -35.8910014     Egb      =         -946.0922558
TOTAL    =        -1319.7856680
