Bond     =           10.7797602     Angle    =           40.6145182
Dihedral =          181.6886532     1-4 vdW  =           52.6190554
1-4 Elec =         -460.7289278     vdWaals  =         -125.1988633
Elec.    =          -56.4455494     Egb      =         -941.4183781
TOTAL    =        -1298.0897316
