Bond     =           13.0637728     Angle    =           39.7455190
Dihedral =          168.8018158     1-4 vdW  =           53.3083794
1-4 Elec =         -859.4082228     vdWaals  =         -107.8474980
Elec.    =          180.0607138     Egb      =         -994.1189514
TOTAL    =        -1506.3944714
