Bond     =           11.7846552     Angle    =           40.7945652
Dihedral =          169.9507383     1-4 vdW  =           53.2180061
1-4 Elec =         -691.6282247     vdWaals  =         -122.4745434
Elec.    =           62.3928305     Egb      =         -947.3293847
TOTAL    =        -1423.2913574
