Bond     =           12.0683683     Angle    =           38.6620542
Dihedral =          156.5705954     1-4 vdW  =           51.4029480
1-4 Elec =         -712.5414947     vdWaals  =         -104.4772772
Elec.    =          133.9239282     Egb      =         -967.9839855
TOTAL    =        -1392.3748633
