Bond     =           12.4961910     Angle    =           38.9790314
Dihedral =          162.9043650     1-4 vdW  =           52.8154681
1-4 Elec =         -773.5781431     vdWaals  =         -101.1769356
Elec.    =          122.0078784     Egb      =         -930.0385612
TOTAL    =        -1415.5907059
