Bond     =           12.1325933     Angle    =           40.6221677
Dihedral =          174.0251582     1-4 vdW  =           54.1096804
1-4 Elec =         -754.2227361     vdWaals  =          -97.5293235
Elec.    =           90.2469872     Egb      =         -941.1196383
TOTAL    =        -1421.7351111
