Bond     =           10.6192932     Angle    =           42.6709377
Dihedral =          166.8948216     1-4 vdW  =           52.3831325
1-4 Elec =         -418.5639306     vdWaals  =         -109.7953964
Elec.    =          -69.4217100     Egb      =         -930.9218307
TOTAL    =        -1256.1346828
