Bond     =           12.4751890     Angle    =           41.5208604
Dihedral =          167.5905609     1-4 vdW  =           55.8447136
1-4 Elec =         -888.9904201     vdWaals  =          -99.5215923
Elec.    =          178.4484856     Egb      =         -958.2492428
TOTAL    =        -1490.8814457
