Bond     =           10.7970378     Angle    =           41.8792544
Dihedral =          171.4723263     1-4 vdW  =           53.8495062
1-4 Elec =         -542.5075901     vdWaals  =         -101.1290677
Elec.    =          -32.9306515     Egb      =         -910.4423123
TOTAL    =        -1309.0114971
