Bond     =           11.8327900     Angle    =           40.0502472
Dihedral =          177.2380654     1-4 vdW  =           53.9886528
1-4 Elec =         -744.4938697     vdWaals  =         -115.5179512
Elec.    =           69.3443401     Egb      =         -943.2500016
TOTAL    =        -1450.8077270
