Bond     =           11.2850982     Angle    =           34.3394324
Dihedral =          189.8024753     1-4 vdW  =           51.9854764
1-4 Elec =         -599.6585589     vdWaals  =          -97.8398668
Elec.    =           57.9109827     Egb      =         -955.1940078
TOTAL    =        -1307.3689685
