Bond     =           13.8277292     Angle    =           30.2166219
Dihedral =          178.4635629     1-4 vdW  =           50.8407364
1-4 Elec =         -985.4603671     vdWaals  =          -92.4433376
Elec.    =          306.3749506     Egb      =        -1017.2215449
TOTAL    =        -1515.4016486
