Bond     =           13.1787960     Angle    =           32.5103791
Dihedral =          183.8757624     1-4 vdW  =           51.8891399
1-4 Elec =         -866.2822980     vdWaals  =          -84.0018662
Elec.    =          278.8320433     Egb      =        -1051.2155238
TOTAL    =        -1441.2135674
