Bond     =           12.7261012     Angle    =           34.1973233
Dihedral =          175.9703480     1-4 vdW  =           52.9157600
1-4 Elec =         -838.3258100     vdWaals  =          -90.2457343
Elec.    =          161.9271988     Egb      =         -930.4827409
TOTAL    =        -1421.3175539
