Bond     =           13.0463307     Angle    =           33.3031255
Dihedral =          175.1367035     1-4 vdW  =           51.5456857
1-4 Elec =         -881.1331374     vdWaals  =          -97.5858270
Elec.    =          198.7116423     Egb      =         -969.8397724
TOTAL    =        -1476.8152493
