Bond     =           13.1311273     Angle    =           36.5630741
Dihedral =          177.7962832     1-4 vdW  =           53.0633924
1-4 Elec =         -826.7962895     vdWaals  =          -86.2141842
Elec.    =          123.9902221     Egb      =         -921.0596917
TOTAL    =        -1429.5260665
