Bond     =           13.0197946     Angle    =           34.0523545
Dihedral =          176.9606235     1-4 vdW  =           52.6207592
1-4 Elec =         -839.5183479     vdWaals  =          -93.1730769
Elec.    =          147.6740564     Egb      =         -913.9657704
TOTAL    =        -1422.3296069
