Bond     =           12.7482810     Angle    =           32.6832675
Dihedral =          189.2981185     1-4 vdW  =           51.1134984
1-4 Elec =         -771.3378053     vdWaals  =          -91.4373277
Elec.    =          120.7381465     Egb      =         -937.4278049
TOTAL    =        -1393.6216260
