Bond     =           13.6031343     Angle    =           37.3219361
Dihedral =          189.4802717     1-4 vdW  =           51.4342976
1-4 Elec =         -934.1740613     vdWaals  =          -89.3839859
Elec.    =          187.3233781     Egb      =         -942.1093392
TOTAL    =        -1486.5043685
