Bond     =           13.5345923     Angle    =           32.4289069
Dihedral =          181.6083526     1-4 vdW  =           51.9278352
1-4 Elec =         -862.4433998     vdWaals  =          -94.7047994
Elec.    =          166.7914537     Egb      =         -957.2786318
TOTAL    =        -1468.1356904
