Bond     =           18.4514808     Angle    =           34.7073762
Dihedral =          197.3396872     1-4 vdW  =           52.5756146
1-4 Elec =         -801.3741549     vdWaals  =          -91.0976766
Elec.    =          186.7419938     Egb      =         -995.1140424
TOTAL    =        -1397.7697212
