Bond     =           14.2336988     Angle    =           32.0513483
Dihedral =          190.9889407     1-4 vdW  =           51.8769531
1-4 Elec =         -982.2613634     vdWaals  =          -94.5838539
Elec.    =          263.3312425     Egb      =         -977.4297598
TOTAL    =        -1501.7927936
