Bond     =           12.0397947     Angle    =           37.1506852
Dihedral =          207.3592523     1-4 vdW  =           50.7196990
1-4 Elec =         -611.3405590     vdWaals  =          -96.5139615
Elec.    =          213.4388563     Egb      =        -1076.8537023
TOTAL    =        -1263.9999353
