Bond     =           13.6792743     Angle    =           34.0174712
Dihedral =          179.0501115     1-4 vdW  =           52.6763340
1-4 Elec =         -838.1993206     vdWaals  =          -96.2693298
Elec.    =          157.7720578     Egb      =         -921.4806822
TOTAL    =        -1418.7540838
