Bond     =           11.6366523     Angle    =           37.2100364
Dihedral =          206.9303380     1-4 vdW  =           50.7011417
1-4 Elec =         -608.9800407     vdWaals  =          -95.1068321
Elec.    =          185.6023371     Egb      =        -1054.2438682
TOTAL    =        -1266.2502354
