Bond     =           11.5965810     Angle    =           33.7798491
Dihedral =          189.7139788     1-4 vdW  =           50.1338908
1-4 Elec =         -671.3470883     vdWaals  =          -90.2907886
Elec.    =          168.2278540     Egb      =         -991.5442524
TOTAL    =        -1299.7299754
