Bond     =           12.9850507     Angle    =           35.1679026
Dihedral =          174.4016457     1-4 vdW  =           51.2045933
1-4 Elec =         -885.7394016     vdWaals  =         -107.8221170
Elec.    =          238.1129572     Egb      =         -995.2514166
TOTAL    =        -1476.9407857
