Bond     =           11.2724213     Angle    =           33.5121679
Dihedral =          184.5669830     1-4 vdW  =           50.3571255
1-4 Elec =         -674.1592935     vdWaals  =          -99.9526493
Elec.    =           80.0150236     Egb      =         -914.2231019
TOTAL    =        -1328.6113233
