Bond     =           12.9990954     Angle    =           36.9870138
Dihedral =          171.6014143     1-4 vdW  =           52.4083062
1-4 Elec =         -947.8478407     vdWaals  =         -107.8873417
Elec.    =          221.2172178     Egb      =         -954.0462940
TOTAL    =        -1514.5684288
