Bond     =           10.6859426     Angle    =           32.2872299
Dihedral =          185.6898429     1-4 vdW  =           48.8968971
1-4 Elec =         -511.6220309     vdWaals  =          -91.4233597
Elec.    =           54.7864945     Egb      =         -944.7033731
TOTAL    =        -1215.4023567
