Bond     =           14.8522831     Angle    =           37.5957142
Dihedral =          173.9950270     1-4 vdW  =           47.2874964
1-4 Elec =         -915.9288814     vdWaals  =          -96.6005492
Elec.    =          185.9120532     Egb      =         -931.2048064
TOTAL    =        -1484.0916631
