Bond     =           14.0805837     Angle    =           36.1942397
Dihedral =          165.4287055     1-4 vdW  =           48.2173505
1-4 Elec =         -980.9061836     vdWaals  =          -96.4099685
Elec.    =          254.3681802     Egb      =         -969.1252110
TOTAL    =        -1528.1523034
