Bond     =           13.3727607     Angle    =           35.8317518
Dihedral =          173.4164924     1-4 vdW  =           49.3517985
1-4 Elec =         -801.4890028     vdWaals  =          -97.9573199
Elec.    =          177.8449762     Egb      =         -984.6004939
TOTAL    =        -1434.2290370
