Bond     =           10.8050939     Angle    =           37.8098232
Dihedral =          183.3870262     1-4 vdW  =           50.4171794
1-4 Elec =         -424.4610659     vdWaals  =         -118.2409567
Elec.    =          -78.5738913     Egb      =         -913.8211234
TOTAL    =        -1252.6779145
