Bond     =            9.6615170     Angle    =           40.5939717
Dihedral =          182.6386124     1-4 vdW  =           52.1831182
1-4 Elec =         -301.7921813     vdWaals  =         -108.1821385
Elec.    =         -131.9466961     Egb      =         -939.7852308
TOTAL    =        -1196.6290274
