Bond     =           11.4523924     Angle    =           41.2002973
Dihedral =          169.3217421     1-4 vdW  =           54.6989749
1-4 Elec =         -635.4482260     vdWaals  =         -117.3091128
Elec.    =           41.4022142     Egb      =         -972.0799261
TOTAL    =        -1406.7616440
