Bond     =            9.5743148     Angle    =           39.8283062
Dihedral =          174.4587039     1-4 vdW  =           52.4697792
1-4 Elec =         -305.0063527     vdWaals  =         -113.1131436
Elec.    =         -104.3941110     Egb      =         -967.8286252
TOTAL    =        -1214.0111284
