Bond     =           12.7651822     Angle    =           36.7203579
Dihedral =          167.8495820     1-4 vdW  =           53.2999361
1-4 Elec =         -903.4252802     vdWaals  =          -97.8211447
Elec.    =          214.7638748     Egb      =         -943.8482063
TOTAL    =        -1459.6956982
