Bond     =           14.0211905     Angle    =           36.5905592
Dihedral =          176.6910930     1-4 vdW  =           54.1021670
1-4 Elec =        -1173.3537194     vdWaals  =          -97.5736835
Elec.    =          372.6582165     Egb      =         -998.7875247
TOTAL    =        -1615.6517014
