Bond     =           12.5266088     Angle    =           37.9933060
Dihedral =          166.9024585     1-4 vdW  =           53.2300000
1-4 Elec =         -839.1561722     vdWaals  =         -104.1620169
Elec.    =          199.2354193     Egb      =         -970.1795500
TOTAL    =        -1443.6099464
