Bond     =            9.8352156     Angle    =           38.9677035
Dihedral =          173.1248661     1-4 vdW  =           51.6742491
1-4 Elec =         -412.7729800     vdWaals  =         -119.0882199
Elec.    =          -21.9337331     Egb      =         -990.9154895
TOTAL    =        -1271.1083881
