Bond     =           12.3993999     Angle    =           38.0556924
Dihedral =          164.5204745     1-4 vdW  =           53.4859157
1-4 Elec =         -832.7318322     vdWaals  =         -106.3073332
Elec.    =          173.8729505     Egb      =         -955.8328661
TOTAL    =        -1452.5375985
