Bond     =           11.3224443     Angle    =           40.7877245
Dihedral =          159.1880991     1-4 vdW  =           51.2732310
1-4 Elec =         -536.2841795     vdWaals  =         -118.0041103
Elec.    =           61.9996757     Egb      =        -1000.5937214
TOTAL    =        -1330.3108366
