Bond     =           12.3144645     Angle    =           37.6179838
Dihedral =          166.2983740     1-4 vdW  =           53.3451427
1-4 Elec =         -830.7043267     vdWaals  =         -107.2260850
Elec.    =          157.7724836     Egb      =         -941.0525607
TOTAL    =        -1451.6345237
