Bond     =           11.1617504     Angle    =           39.6394625
Dihedral =          162.4636992     1-4 vdW  =           50.9506569
1-4 Elec =         -534.1997497     vdWaals  =         -116.6496922
Elec.    =           48.1906906     Egb      =         -988.3751554
TOTAL    =        -1326.8183376
