Bond     =           11.0911571     Angle    =           40.2093578
Dihedral =          167.9278003     1-4 vdW  =           53.3952809
1-4 Elec =         -650.7658436     vdWaals  =         -111.5714644
Elec.    =           67.0563389     Egb      =         -961.1430450
TOTAL    =        -1383.8004180
