Bond     =           12.2148292     Angle    =           37.8853624
Dihedral =          180.4224073     1-4 vdW  =           53.6601301
1-4 Elec =         -739.7684226     vdWaals  =         -104.0176325
Elec.    =           79.0563933     Egb      =         -953.8411664
TOTAL    =        -1434.3880992
