Bond     =           13.3250726     Angle    =           38.8425217
Dihedral =          189.0751731     1-4 vdW  =           51.0326703
1-4 Elec =         -771.5703901     vdWaals  =         -104.7721021
Elec.    =          117.8413619     Egb      =         -922.3946595
TOTAL    =        -1388.6203522
