Bond     =           13.3619119     Angle    =           37.7239044
Dihedral =          188.3160253     1-4 vdW  =           51.4970474
1-4 Elec =         -933.2101065     vdWaals  =          -93.8070351
Elec.    =          200.1604939     Egb      =         -944.6068437
TOTAL    =        -1480.5646023
