Bond     =           13.3837763     Angle    =           34.7028184
Dihedral =          166.5042624     1-4 vdW  =           50.8071349
1-4 Elec =         -946.0934144     vdWaals  =          -95.1286621
Elec.    =          239.2784514     Egb      =         -962.4574589
TOTAL    =        -1499.0030920
