Bond     =           13.9800137     Angle    =           35.8229797
Dihedral =          165.1961776     1-4 vdW  =           49.2431891
1-4 Elec =         -979.0174940     vdWaals  =         -102.9506792
Elec.    =          280.6071208     Egb      =        -1012.9506468
TOTAL    =        -1550.0693392
