Bond     =           13.2450719     Angle    =           35.4094271
Dihedral =          174.2895205     1-4 vdW  =           52.2089898
1-4 Elec =         -931.0122249     vdWaals  =          -95.2836437
Elec.    =          221.3869494     Egb      =         -976.6730864
TOTAL    =        -1506.4289963
