Bond     =           12.9913804     Angle    =           35.7455791
Dihedral =          169.2241014     1-4 vdW  =           51.3187296
1-4 Elec =         -935.7922679     vdWaals  =          -97.6080624
Elec.    =          270.1563163     Egb      =        -1015.9367040
TOTAL    =        -1509.9009275
