Bond     =           14.6087388     Angle    =           37.8675700
Dihedral =          176.2240591     1-4 vdW  =           50.9228809
1-4 Elec =        -1036.0872313     vdWaals  =         -102.1432240
Elec.    =          274.1172254     Egb      =         -982.8176481
TOTAL    =        -1567.3076292
