Bond     =           12.8225484     Angle    =           35.3421486
Dihedral =          180.1481096     1-4 vdW  =           49.9840037
1-4 Elec =         -777.4430638     vdWaals  =          -98.2693072
Elec.    =          171.5637073     Egb      =         -960.7713773
TOTAL    =        -1386.6232307
