Bond     =           13.2727121     Angle    =           33.8759107
Dihedral =          170.2670678     1-4 vdW  =           50.4309660
1-4 Elec =         -947.9157652     vdWaals  =          -97.8147239
Elec.    =          272.1585050     Egb      =         -990.0942962
TOTAL    =        -1495.8196237
