Bond     =           12.7057500     Angle    =           36.6628185
Dihedral =          175.0030498     1-4 vdW  =           49.3919246
1-4 Elec =         -780.5842230     vdWaals  =          -94.9077639
Elec.    =          206.1275519     Egb      =         -990.7969653
TOTAL    =        -1386.3978576
