Bond     =           13.9664052     Angle    =           36.9245793
Dihedral =          173.5804001     1-4 vdW  =           50.0508996
1-4 Elec =         -982.2876074     vdWaals  =         -107.3656857
Elec.    =          309.7885985     Egb      =        -1032.5027360
TOTAL    =        -1537.8451464
