Bond     =           13.8496533     Angle    =           40.2018526
Dihedral =          194.5119799     1-4 vdW  =           51.4928667
1-4 Elec =         -933.0820013     vdWaals  =          -93.5394200
Elec.    =          213.4498863     Egb      =         -951.4567950
TOTAL    =        -1464.5719775
