Bond     =           14.5573736     Angle    =           40.3655590
Dihedral =          183.5144416     1-4 vdW  =           51.5775292
1-4 Elec =        -1038.6742673     vdWaals  =         -100.3364084
Elec.    =          297.4431203     Egb      =         -998.6457450
TOTAL    =        -1550.1983969
