Bond     =           13.8134360     Angle    =           36.8089768
Dihedral =          177.6837626     1-4 vdW  =           51.0383137
1-4 Elec =         -880.5268935     vdWaals  =          -96.7630862
Elec.    =          296.1349567     Egb      =        -1040.3477950
TOTAL    =        -1442.1583289
