Bond     =           12.4021953     Angle    =           39.4081312
Dihedral =          179.3259042     1-4 vdW  =           52.5495805
1-4 Elec =         -754.7456412     vdWaals  =         -102.6902869
Elec.    =          164.1858485     Egb      =        -1016.9359113
TOTAL    =        -1426.5001796
