Bond     =           12.8191451     Angle    =           39.3602805
Dihedral =          179.3603084     1-4 vdW  =           52.7924303
1-4 Elec =         -753.7161720     vdWaals  =         -103.0082499
Elec.    =          114.3334084     Egb      =         -970.6036550
TOTAL    =        -1428.6625041
