Bond     =           13.7074767     Angle    =           36.3255510
Dihedral =          165.3405887     1-4 vdW  =           51.9750265
1-4 Elec =        -1040.5526339     vdWaals  =         -101.3193929
Elec.    =          287.4837752     Egb      =         -998.5777809
TOTAL    =        -1585.6173896
