Bond     =           13.2025125     Angle    =           39.4349048
Dihedral =          173.3978263     1-4 vdW  =           51.9060815
1-4 Elec =         -873.7503992     vdWaals  =         -102.1894770
Elec.    =          260.0873360     Egb      =        -1044.6932078
TOTAL    =        -1482.6044229
