Bond     =           13.4861342     Angle    =           37.1520136
Dihedral =          189.7340176     1-4 vdW  =           50.6859174
1-4 Elec =         -765.3486412     vdWaals  =         -108.8150558
Elec.    =           91.6523725     Egb      =         -917.9751563
TOTAL    =        -1409.4283980
