Bond     =           13.4103738     Angle    =           35.6555751
Dihedral =          188.5038749     1-4 vdW  =           49.5484101
1-4 Elec =         -778.7763515     vdWaals  =         -103.5557146
Elec.    =          140.4136843     Egb      =         -934.4324444
TOTAL    =        -1389.2325922
