Bond     =           13.7125615     Angle    =           36.6841579
Dihedral =          172.2101158     1-4 vdW  =           51.8348166
1-4 Elec =         -939.3702557     vdWaals  =          -93.5882909
Elec.    =          232.8858304     Egb      =         -978.6148663
TOTAL    =        -1504.2459306
