Bond     =           12.0697670     Angle    =           36.7703452
Dihedral =          184.6108136     1-4 vdW  =           52.9983396
1-4 Elec =         -758.5505236     vdWaals  =          -99.0519681
Elec.    =          156.3880938     Egb      =         -994.5782621
TOTAL    =        -1409.3433946
