Bond     =           12.9335183     Angle    =           35.7111507
Dihedral =          169.9803429     1-4 vdW  =           49.3469574
1-4 Elec =         -785.1395433     vdWaals  =          -97.8852944
Elec.    =          193.0758868     Egb      =         -973.3791599
TOTAL    =        -1395.3561415
