Bond     =           13.1255859     Angle    =           36.7672449
Dihedral =          180.9840115     1-4 vdW  =           52.1454074
1-4 Elec =         -876.1302959     vdWaals  =          -99.3975936
Elec.    =          262.6231602     Egb      =        -1031.8168193
TOTAL    =        -1461.6992990
