Bond     =           13.2041133     Angle    =           37.8882102
Dihedral =          182.7253226     1-4 vdW  =           50.8341497
1-4 Elec =         -934.3134046     vdWaals  =         -104.0799513
Elec.    =          217.5892577     Egb      =         -954.7039907
TOTAL    =        -1490.8562930
