Bond     =           13.0153846     Angle    =           36.4082903
Dihedral =          183.3144589     1-4 vdW  =           49.8917390
1-4 Elec =         -773.5085868     vdWaals  =         -115.3398962
Elec.    =          112.8323166     Egb      =         -924.1361795
TOTAL    =        -1417.5224731
