Bond     =           13.0739967     Angle    =           36.9277251
Dihedral =          167.4455926     1-4 vdW  =           50.9508652
1-4 Elec =         -941.9370132     vdWaals  =         -100.5509411
Elec.    =          292.9966042     Egb      =        -1027.5680768
TOTAL    =        -1508.6612473
