Bond     =           12.0428948     Angle    =           36.8770061
Dihedral =          185.8099726     1-4 vdW  =           53.3503752
1-4 Elec =         -752.5865764     vdWaals  =         -102.4039084
Elec.    =           84.6461597     Egb      =         -933.6868369
TOTAL    =        -1415.9509134
