Bond     =           13.3935789     Angle    =           35.3897096
Dihedral =          165.5596765     1-4 vdW  =           50.0947973
1-4 Elec =         -950.5149540     vdWaals  =          -97.3288479
Elec.    =          273.0623291     Egb      =         -986.7025042
TOTAL    =        -1497.0462147
