Bond     =           13.0772156     Angle    =           36.4258635
Dihedral =          177.8926369     1-4 vdW  =           48.6907758
1-4 Elec =         -788.4078262     vdWaals  =         -104.9678676
Elec.    =          190.3311038     Egb      =         -957.7037308
TOTAL    =        -1384.6618289
