Bond     =           12.3390878     Angle    =           35.8714882
Dihedral =          189.5022172     1-4 vdW  =           53.4922275
1-4 Elec =         -832.6935679     vdWaals  =         -116.2035926
Elec.    =          141.5405658     Egb      =         -922.3684901
TOTAL    =        -1438.5200639
