Bond     =           12.2915345     Angle    =           34.1330519
Dihedral =          170.2311732     1-4 vdW  =           51.5989381
1-4 Elec =         -700.9087996     vdWaals  =         -122.3678705
Elec.    =          217.8838868     Egb      =        -1068.0252094
TOTAL    =        -1405.1632950
