Bond     =           12.2185978     Angle    =           35.1407266
Dihedral =          178.3976223     1-4 vdW  =           53.0282131
1-4 Elec =         -763.8308536     vdWaals  =         -125.1221779
Elec.    =          229.9987495     Egb      =        -1056.2486629
TOTAL    =        -1436.4177849
