Bond     =           11.3067887     Angle    =           40.5904989
Dihedral =          176.2422758     1-4 vdW  =           50.1689160
1-4 Elec =         -595.5102641     vdWaals  =         -103.1029400
Elec.    =            5.5129729     Egb      =         -909.1218411
TOTAL    =        -1323.9135929
