Bond     =            9.4485293     Angle    =           40.5569787
Dihedral =          188.8510141     1-4 vdW  =           50.2667719
1-4 Elec =         -317.0221934     vdWaals  =         -108.5305513
Elec.    =         -123.4113707     Egb      =         -903.8963602
TOTAL    =        -1163.7371815
