Bond     =           10.4580214     Angle    =           37.7608500
Dihedral =          195.3070672     1-4 vdW  =           53.7797083
1-4 Elec =         -462.2582938     vdWaals  =         -119.2550259
Elec.    =          -95.1101758     Egb      =         -911.9466943
TOTAL    =        -1291.2645429
