Bond     =           11.9638262     Angle    =           36.3561576
Dihedral =          183.6799662     1-4 vdW  =           51.5725031
1-4 Elec =         -737.2377332     vdWaals  =          -90.1019163
Elec.    =          157.4770876     Egb      =         -964.8297291
TOTAL    =        -1351.1198379
