Bond     =           10.6014554     Angle    =           38.0089344
Dihedral =          195.4049812     1-4 vdW  =           53.3222025
1-4 Elec =         -547.0620835     vdWaals  =         -100.6215506
Elec.    =           24.4881678     Egb      =         -959.7673311
TOTAL    =        -1285.6252239
