Bond     =           10.1064344     Angle    =           34.4577247
Dihedral =          177.2180695     1-4 vdW  =           50.3021996
1-4 Elec =         -323.3425414     vdWaals  =          -94.5488916
Elec.    =         -103.9387852     Egb      =         -922.5631976
TOTAL    =        -1172.3089877
