Bond     =           10.6183112     Angle    =           38.2391053
Dihedral =          171.7183452     1-4 vdW  =           51.3726750
1-4 Elec =         -385.3592682     vdWaals  =         -102.3012190
Elec.    =           63.3739119     Egb      =        -1046.5655234
TOTAL    =        -1198.9036619
