Bond     =           11.1070639     Angle    =           39.0807764
Dihedral =          171.8117219     1-4 vdW  =           51.8499513
1-4 Elec =         -561.2991947     vdWaals  =         -101.4459758
Elec.    =           83.8678716     Egb      =         -977.9297256
TOTAL    =        -1282.9575110
