Bond     =            9.7581583     Angle    =           39.5327643
Dihedral =          175.5828994     1-4 vdW  =           50.9602291
1-4 Elec =         -212.3224265     vdWaals  =         -104.2949095
Elec.    =          -37.3879255     Egb      =        -1030.5546322
TOTAL    =        -1108.7258426
