Bond     =           10.9649652     Angle    =           35.1872480
Dihedral =          162.2162687     1-4 vdW  =           49.7314618
1-4 Elec =         -444.7337407     vdWaals  =         -102.4960918
Elec.    =           63.8852750     Egb      =        -1011.4195562
TOTAL    =        -1236.6641700
