Bond     =           11.3784324     Angle    =           36.1030089
Dihedral =          170.3192949     1-4 vdW  =           52.7751810
1-4 Elec =         -562.8088364     vdWaals  =         -104.5310536
Elec.    =           70.6972098     Egb      =         -967.7947638
TOTAL    =        -1293.8615269
