Bond     =           11.1178696     Angle    =           39.5456075
Dihedral =          184.2053372     1-4 vdW  =           52.5835699
1-4 Elec =         -549.5938071     vdWaals  =         -103.9294430
Elec.    =           11.8230597     Egb      =         -940.4908385
TOTAL    =        -1294.7386445
