Bond     =           12.1233039     Angle    =           35.0255907
Dihedral =          173.3614027     1-4 vdW  =           52.6028647
1-4 Elec =         -675.6267741     vdWaals  =         -106.5333033
Elec.    =          128.9215789     Egb      =         -963.6740418
TOTAL    =        -1343.7993783
