Bond     =           11.7966458     Angle    =           39.8066739
Dihedral =          174.8819088     1-4 vdW  =           50.7386926
1-4 Elec =         -386.1460827     vdWaals  =         -102.3934854
Elec.    =           26.6951890     Egb      =        -1006.9759102
TOTAL    =        -1191.5963681
