Bond     =           11.2899755     Angle    =           40.3649394
Dihedral =          175.4532430     1-4 vdW  =           52.3338314
1-4 Elec =         -548.6268807     vdWaals  =         -100.4178591
Elec.    =           52.9372121     Egb      =         -977.0424350
TOTAL    =        -1293.7079734
