Bond     =           12.3376409     Angle    =           33.0755268
Dihedral =          159.9422075     1-4 vdW  =           48.4324035
1-4 Elec =         -677.1348346     vdWaals  =         -104.1164363
Elec.    =          238.5042569     Egb      =        -1049.1936680
TOTAL    =        -1338.1529033
