Bond     =           11.9482956     Angle    =           34.6612704
Dihedral =          168.2072323     1-4 vdW  =           50.6397479
1-4 Elec =         -682.7078296     vdWaals  =          -93.5502195
Elec.    =          178.6317809     Egb      =        -1007.3918175
TOTAL    =        -1339.5615396
