Bond     =           12.0817263     Angle    =           38.2579173
Dihedral =          174.9309316     1-4 vdW  =           53.6946136
1-4 Elec =         -711.0785479     vdWaals  =         -105.5660892
Elec.    =          106.2338577     Egb      =         -974.8541597
TOTAL    =        -1406.2997503
