Bond     =           11.1075339     Angle    =           34.7247210
Dihedral =          175.0674641     1-4 vdW  =           49.5652404
1-4 Elec =         -516.5571728     vdWaals  =          -93.0940585
Elec.    =          138.4667977     Egb      =        -1027.2602563
TOTAL    =        -1227.9797306
