Bond     =           10.9923273     Angle    =           38.2205925
Dihedral =          155.9334667     1-4 vdW  =           50.6920465
1-4 Elec =         -431.6564690     vdWaals  =         -118.7302061
Elec.    =           49.0158110     Egb      =        -1022.8644093
TOTAL    =        -1268.3968403
