Bond     =           10.1755368     Angle    =           36.4115150
Dihedral =          163.2774644     1-4 vdW  =           50.9685771
1-4 Elec =         -328.1462991     vdWaals  =         -112.2667745
Elec.    =           -0.7009641     Egb      =        -1008.4209424
TOTAL    =        -1188.7018866
