Bond     =           11.7644633     Angle    =           40.8513737
Dihedral =          164.7509234     1-4 vdW  =           52.8273153
1-4 Elec =         -755.8846146     vdWaals  =         -113.5856819
Elec.    =          167.8674510     Egb      =        -1025.1407580
TOTAL    =        -1456.5495278
