Bond     =           11.5338990     Angle    =           35.6314356
Dihedral =          170.2356243     1-4 vdW  =           49.3030498
1-4 Elec =         -620.8479401     vdWaals  =          -94.1552111
Elec.    =          201.8034237     Egb      =        -1052.0896233
TOTAL    =        -1298.5853421
