Bond     =           10.0185881     Angle    =           35.4693406
Dihedral =          182.7149841     1-4 vdW  =           53.9000599
1-4 Elec =         -368.0806896     vdWaals  =         -104.8173213
Elec.    =          -65.7595754     Egb      =         -941.5575489
TOTAL    =        -1198.1121625
