Bond     =           10.7182519     Angle    =           46.9057465
Dihedral =          162.2791769     1-4 vdW  =           52.0359021
1-4 Elec =         -315.3696186     vdWaals  =         -104.1775965
Elec.    =         -137.5335774     Egb      =         -902.3558150
TOTAL    =        -1187.4975301
