Bond     =           10.8631485     Angle    =           35.6504457
Dihedral =          172.1058444     1-4 vdW  =           53.8477970
1-4 Elec =         -541.5615103     vdWaals  =         -104.9640949
Elec.    =          -42.3306738     Egb      =         -884.3111266
TOTAL    =        -1300.7001701
