Bond     =            9.8649679     Angle    =           34.5270110
Dihedral =          171.8585834     1-4 vdW  =           52.6000155
1-4 Elec =         -307.6116640     vdWaals  =         -111.2693784
Elec.    =         -163.6837549     Egb      =         -878.9051499
TOTAL    =        -1192.6193694
