Bond     =           10.9208202     Angle    =           37.5534126
Dihedral =          182.8224869     1-4 vdW  =           51.3235286
1-4 Elec =         -321.2430979     vdWaals  =         -105.9384238
Elec.    =          -94.9901343     Egb      =         -913.2020262
TOTAL    =        -1152.7534339
