Bond     =           10.8303901     Angle    =           47.4241364
Dihedral =          162.5108360     1-4 vdW  =           51.8225980
1-4 Elec =         -314.7840297     vdWaals  =         -102.4577577
Elec.    =         -137.4774692     Egb      =         -901.5114166
TOTAL    =        -1183.6427127
