Bond     =           10.2795658     Angle    =           34.1428533
Dihedral =          184.5132495     1-4 vdW  =           52.1460179
1-4 Elec =         -304.8870578     vdWaals  =         -108.7059012
Elec.    =         -113.4954186     Egb      =         -919.1671008
TOTAL    =        -1165.1737917
