Bond     =           12.0029371     Angle    =           42.2101219
Dihedral =          184.1052285     1-4 vdW  =           51.8818697
1-4 Elec =         -497.4802416     vdWaals  =          -99.5303734
Elec.    =          -35.3342078     Egb      =         -885.0282288
TOTAL    =        -1227.1728944
