Bond     =           10.8735337     Angle    =           47.9741908
Dihedral =          162.1886105     1-4 vdW  =           51.9018658
1-4 Elec =         -315.2662294     vdWaals  =         -103.1224323
Elec.    =         -132.9201915     Egb      =         -907.2289732
TOTAL    =        -1185.5996254
