Bond     =           10.5985034     Angle    =           35.2190832
Dihedral =          174.3262430     1-4 vdW  =           53.5173086
1-4 Elec =         -471.3584397     vdWaals  =         -109.3400695
Elec.    =          -98.4861822     Egb      =         -884.1216654
TOTAL    =        -1289.6452185
