Bond     =           13.8998543     Angle    =           37.5777666
Dihedral =          187.6901168     1-4 vdW  =           54.8077011
1-4 Elec =        -1159.3730955     vdWaals  =          -89.0939399
Elec.    =          312.0499237     Egb      =         -970.4838759
TOTAL    =        -1612.9255490
