Bond     =           12.5484312     Angle    =           42.8696002
Dihedral =          201.7064778     1-4 vdW  =           55.8573227
1-4 Elec =         -864.0261921     vdWaals  =          -99.6794038
Elec.    =          213.0703732     Egb      =        -1025.7652227
TOTAL    =        -1463.4186136
