Bond     =            9.9539450     Angle    =           48.2626278
Dihedral =          182.2825104     1-4 vdW  =           55.0223545
1-4 Elec =         -339.9882321     vdWaals  =          -95.4258249
Elec.    =         -202.2769734     Egb      =         -900.4916275
TOTAL    =        -1242.6612202
