Bond     =           11.9907517     Angle    =           35.0406112
Dihedral =          175.6724415     1-4 vdW  =           51.1531605
1-4 Elec =         -663.3634054     vdWaals  =          -94.9408824
Elec.    =           84.3896749     Egb      =         -940.5445232
TOTAL    =        -1340.6021711
