Bond     =           10.9132059     Angle    =           37.1884481
Dihedral =          174.6999821     1-4 vdW  =           52.4447056
1-4 Elec =         -546.7203395     vdWaals  =          -94.9728317
Elec.    =           -3.8323091     Egb      =         -919.6205610
TOTAL    =        -1289.8996995
