Bond     =           10.0767494     Angle    =           47.7080968
Dihedral =          198.5878072     1-4 vdW  =           55.2370519
1-4 Elec =         -332.9269493     vdWaals  =          -97.7456806
Elec.    =         -168.7499347     Egb      =         -937.1356396
TOTAL    =        -1224.9484989
