Bond     =           10.2696861     Angle    =           47.5774198
Dihedral =          196.7820445     1-4 vdW  =           55.0426504
1-4 Elec =         -332.1367307     vdWaals  =          -95.3881348
Elec.    =         -202.1095114     Egb      =         -907.1413948
TOTAL    =        -1227.1039709
