Bond     =            9.2558541     Angle    =           45.4437905
Dihedral =          174.5588193     1-4 vdW  =           53.1815128
1-4 Elec =         -286.1227709     vdWaals  =         -102.6804389
Elec.    =         -189.6432400     Egb      =         -929.1406497
TOTAL    =        -1225.1471228
