Bond     =           10.3093437     Angle    =           40.9658036
Dihedral =          176.4682943     1-4 vdW  =           52.7374617
1-4 Elec =         -471.1055956     vdWaals  =         -106.1435331
Elec.    =          -43.9369785     Egb      =         -955.5074759
TOTAL    =        -1296.2126799
