Bond     =           10.7964546     Angle    =           46.5089951
Dihedral =          198.6177997     1-4 vdW  =           55.9938179
1-4 Elec =         -511.1747474     vdWaals  =          -96.7347384
Elec.    =          -85.4507122     Egb      =         -928.2725528
TOTAL    =        -1309.7156836
