Bond     =           11.9770638     Angle    =           36.3267966
Dihedral =          170.3127805     1-4 vdW  =           51.4717365
1-4 Elec =         -663.5629947     vdWaals  =          -99.7400693
Elec.    =           80.6090803     Egb      =         -934.6400362
TOTAL    =        -1347.2456424
