Bond     =           12.8604807     Angle    =           34.5753272
Dihedral =          182.8358861     1-4 vdW  =           49.7948369
1-4 Elec =         -768.9254328     vdWaals  =          -89.5305651
Elec.    =          192.7288571     Egb      =        -1005.3188539
TOTAL    =        -1390.9794638
