Bond     =           14.5642046     Angle    =           37.6663217
Dihedral =          200.6935706     1-4 vdW  =           51.1554893
1-4 Elec =         -948.1226413     vdWaals  =          -95.3032585
Elec.    =          259.0541426     Egb      =         -966.8408788
TOTAL    =        -1447.1330498
