Bond     =           12.9477694     Angle    =           35.0928627
Dihedral =          164.3425214     1-4 vdW  =           48.8246303
1-4 Elec =         -710.0089955     vdWaals  =          -97.4983859
Elec.    =          123.5914638     Egb      =         -959.7561010
TOTAL    =        -1382.4642347
