Bond     =           12.3468105     Angle    =           34.3143846
Dihedral =          168.8265948     1-4 vdW  =           48.8785163
1-4 Elec =         -711.1540575     vdWaals  =          -93.1244917
Elec.    =          151.9686519     Egb      =         -986.8427096
TOTAL    =        -1374.7863007
