Bond     =           12.9100823     Angle    =           36.3048503
Dihedral =          169.9805784     1-4 vdW  =           51.5086584
1-4 Elec =         -830.1578091     vdWaals  =          -84.5318697
Elec.    =          164.8425725     Egb      =         -953.5494721
TOTAL    =        -1432.6924089
