Bond     =           11.5226508     Angle    =           35.2865634
Dihedral =          179.2020024     1-4 vdW  =           50.6772891
1-4 Elec =         -595.4517366     vdWaals  =         -111.3125977
Elec.    =          143.0721899     Egb      =        -1035.4026454
TOTAL    =        -1322.4062840
