Bond     =           13.0950292     Angle    =           35.9276727
Dihedral =          177.0980528     1-4 vdW  =           51.7309976
1-4 Elec =         -827.5505552     vdWaals  =          -90.1465461
Elec.    =          165.9742662     Egb      =         -953.4655982
TOTAL    =        -1427.3366811
