Bond     =           12.2248733     Angle    =           34.1462640
Dihedral =          165.8769441     1-4 vdW  =           50.2907888
1-4 Elec =         -711.5078436     vdWaals  =          -96.9182251
Elec.    =          140.1403110     Egb      =         -976.9277214
TOTAL    =        -1382.6746089
