Bond     =           11.8736085     Angle    =           36.5892445
Dihedral =          181.7568128     1-4 vdW  =           52.0999143
1-4 Elec =         -648.7201380     vdWaals  =         -109.6616873
Elec.    =           96.9830423     Egb      =         -968.1161267
TOTAL    =        -1347.1953295
