Bond     =           13.1294022     Angle    =           34.7513714
Dihedral =          175.2527768     1-4 vdW  =           51.1424230
1-4 Elec =         -827.9150400     vdWaals  =          -84.0792460
Elec.    =          164.5185659     Egb      =         -953.4218371
TOTAL    =        -1426.6215838
