Bond     =           11.7343794     Angle    =           37.4636735
Dihedral =          167.1082294     1-4 vdW  =           51.7099383
1-4 Elec =         -587.9942843     vdWaals  =         -102.4030749
Elec.    =            4.1665644     Egb      =         -917.5391661
TOTAL    =        -1335.7537404
