Bond     =           11.1022627     Angle    =           41.5003382
Dihedral =          167.4726859     1-4 vdW  =           53.1767362
1-4 Elec =         -477.5997883     vdWaals  =         -108.0437292
Elec.    =          -65.6886977     Egb      =         -910.0354522
TOTAL    =        -1288.1156444
