Bond     =           11.0458828     Angle    =           38.1825636
Dihedral =          172.0927907     1-4 vdW  =           53.1355633
1-4 Elec =         -470.8691547     vdWaals  =          -98.0640769
Elec.    =          -91.5060760     Egb      =         -891.7199713
TOTAL    =        -1277.7024785
