Bond     =            9.9828160     Angle    =           38.4560481
Dihedral =          171.0556725     1-4 vdW  =           52.1518822
1-4 Elec =         -308.9179865     vdWaals  =         -112.1039261
Elec.    =         -131.6249085     Egb      =         -908.7772269
TOTAL    =        -1189.7776291
