Bond     =           10.3859896     Angle    =           37.1020356
Dihedral =          175.4946764     1-4 vdW  =           54.4791189
1-4 Elec =         -459.7804275     vdWaals  =         -110.6315924
Elec.    =         -118.5988658     Egb      =         -894.1804731
TOTAL    =        -1305.7295384
