Bond     =           11.1751046     Angle    =           40.1147158
Dihedral =          167.6086864     1-4 vdW  =           52.7980281
1-4 Elec =         -472.0886194     vdWaals  =          -99.1387568
Elec.    =          -92.6816349     Egb      =         -888.5872293
TOTAL    =        -1280.7997054
