Bond     =           10.7324115     Angle    =           36.4364397
Dihedral =          163.8369687     1-4 vdW  =           51.8558221
1-4 Elec =         -410.1958616     vdWaals  =         -118.5769659
Elec.    =          -75.3516082     Egb      =         -926.8057809
TOTAL    =        -1268.0685746
