Bond     =           10.4153557     Angle    =           42.7008757
Dihedral =          180.6499307     1-4 vdW  =           51.3765673
1-4 Elec =         -377.6980927     vdWaals  =          -93.5972356
Elec.    =          -81.2236482     Egb      =         -931.2029933
TOTAL    =        -1198.5792404
