Bond     =           11.1848030     Angle    =           38.8156867
Dihedral =          170.1029545     1-4 vdW  =           50.2107360
1-4 Elec =         -312.8153588     vdWaals  =          -90.1671523
Elec.    =         -133.3882233     Egb      =         -910.8940202
TOTAL    =        -1176.9505744
