Bond     =           11.7908793     Angle    =           45.2397603
Dihedral =          171.9234402     1-4 vdW  =           51.5961946
1-4 Elec =         -478.3745881     vdWaals  =          -85.3750724
Elec.    =          -80.6618826     Egb      =         -903.2423582
TOTAL    =        -1267.1036270
