Bond     =           11.1642959     Angle    =           36.0451892
Dihedral =          172.8069391     1-4 vdW  =           50.7592933
1-4 Elec =         -485.3029473     vdWaals  =          -94.8887688
Elec.    =          -53.8736585     Egb      =         -899.4612682
TOTAL    =        -1262.7509252
