Bond     =           10.3908893     Angle    =           44.3117095
Dihedral =          167.2244043     1-4 vdW  =           51.9152722
1-4 Elec =         -315.0682718     vdWaals  =         -104.8456063
Elec.    =         -144.4284738     Egb      =         -893.1725473
TOTAL    =        -1183.6726238
