Bond     =           10.1476576     Angle    =           44.6395944
Dihedral =          167.0427814     1-4 vdW  =           51.8607343
1-4 Elec =         -314.6924366     vdWaals  =         -108.6211314
Elec.    =         -126.0344249     Egb      =         -910.6779606
TOTAL    =        -1186.3351858
