Bond     =            9.8794785     Angle    =           37.8777985
Dihedral =          173.3677509     1-4 vdW  =           51.6595049
1-4 Elec =         -310.0936245     vdWaals  =         -109.5603893
Elec.    =         -146.7803403     Egb      =         -894.6796214
TOTAL    =        -1188.3294427
