Bond     =           10.9180008     Angle    =           40.8228682
Dihedral =          194.3013644     1-4 vdW  =           50.4336220
1-4 Elec =         -205.7145945     vdWaals  =          -87.2753744
Elec.    =         -177.9976693     Egb      =         -903.3868342
TOTAL    =        -1077.8986170
