Bond     =           11.4608423     Angle    =           46.6012845
Dihedral =          194.6691219     1-4 vdW  =           50.3395217
1-4 Elec =         -328.5590362     vdWaals  =          -85.7226572
Elec.    =         -105.2835803     Egb      =         -901.0960668
TOTAL    =        -1117.5905701
