Bond     =           12.2954107     Angle    =           47.8748817
Dihedral =          181.5896735     1-4 vdW  =           51.4757066
1-4 Elec =         -495.0215860     vdWaals  =          -90.1246411
Elec.    =            3.0366892     Egb      =         -938.2545465
TOTAL    =        -1227.1284119
