Bond     =           10.1928056     Angle    =           37.2153450
Dihedral =          160.4371148     1-4 vdW  =           51.4304288
1-4 Elec =         -419.0719886     vdWaals  =         -117.5894011
Elec.    =          -69.2947848     Egb      =         -923.0991723
TOTAL    =        -1269.7796525
