Bond     =           10.3624851     Angle    =           40.0327814
Dihedral =          166.9070295     1-4 vdW  =           52.1516124
1-4 Elec =         -311.6674228     vdWaals  =         -108.2823069
Elec.    =         -120.9269192     Egb      =         -919.5918374
TOTAL    =        -1191.0145779
