Bond     =           11.4504020     Angle    =           39.6652404
Dihedral =          176.4671200     1-4 vdW  =           54.0153572
1-4 Elec =         -543.8418610     vdWaals  =         -103.9989847
Elec.    =          -47.4011176     Egb      =         -877.8005291
TOTAL    =        -1291.4443728
