Bond     =            9.7712790     Angle    =           36.0848852
Dihedral =          164.6502978     1-4 vdW  =           52.1548310
1-4 Elec =         -308.9292833     vdWaals  =         -113.8582226
Elec.    =         -117.4604635     Egb      =         -920.0942083
TOTAL    =        -1197.6808847
