Bond     =           10.5268538     Angle    =           36.1578360
Dihedral =          178.1775301     1-4 vdW  =           49.7634683
1-4 Elec =         -322.4498713     vdWaals  =          -89.3412139
Elec.    =         -133.0330951     Egb      =         -882.6324718
TOTAL    =        -1152.8309639
