Bond     =           12.1981771     Angle    =           41.2904280
Dihedral =          172.3001530     1-4 vdW  =           51.4142868
1-4 Elec =         -596.9893723     vdWaals  =          -94.5103734
Elec.    =           48.5844035     Egb      =         -951.3671599
TOTAL    =        -1317.0794573
