Bond     =           10.7786677     Angle    =           35.2854590
Dihedral =          173.9123845     1-4 vdW  =           51.0515373
1-4 Elec =         -488.0956987     vdWaals  =          -94.8269429
Elec.    =          -69.9254097     Egb      =         -881.6265929
TOTAL    =        -1263.4465957
