Bond     =           10.4360902     Angle    =           39.7129294
Dihedral =          167.9078324     1-4 vdW  =           51.8959043
1-4 Elec =         -312.6485709     vdWaals  =         -108.1840241
Elec.    =         -129.1510925     Egb      =         -911.9120192
TOTAL    =        -1191.9429505
