Bond     =           11.1216432     Angle    =           42.4038931
Dihedral =          171.8140034     1-4 vdW  =           51.3398076
1-4 Elec =         -316.2346259     vdWaals  =          -96.2049946
Elec.    =         -131.6832321     Egb      =         -906.0605709
TOTAL    =        -1173.5040763
