Bond     =           10.6733743     Angle    =           36.3390741
Dihedral =          158.9420609     1-4 vdW  =           50.6488307
1-4 Elec =         -425.0049308     vdWaals  =         -110.4745854
Elec.    =           -1.9742519     Egb      =         -969.3366850
TOTAL    =        -1250.1871132
