Bond     =           11.9788906     Angle    =           46.5329613
Dihedral =          184.3864038     1-4 vdW  =           54.2976488
1-4 Elec =         -466.0209969     vdWaals  =         -108.0658323
Elec.    =          -95.7819457     Egb      =         -893.9865363
TOTAL    =        -1266.6594067
