Bond     =           10.4441281     Angle    =           38.9639151
Dihedral =          161.8337621     1-4 vdW  =           53.7470375
1-4 Elec =         -463.3183164     vdWaals  =         -115.9837739
Elec.    =          -63.6532933     Egb      =         -941.3164352
TOTAL    =        -1319.2829761
