Bond     =           11.7120077     Angle    =           36.4456718
Dihedral =          163.1142636     1-4 vdW  =           52.1721953
1-4 Elec =         -662.6917603     vdWaals  =         -104.8339790
Elec.    =           63.4894176     Egb      =         -919.4790182
TOTAL    =        -1360.0712015
