Bond     =           11.1173757     Angle    =           39.1713419
Dihedral =          166.6538194     1-4 vdW  =           53.0482059
1-4 Elec =         -472.4373985     vdWaals  =         -106.8643056
Elec.    =          -68.8755367     Egb      =         -918.1851723
TOTAL    =        -1296.3716702
