Bond     =           10.4267254     Angle    =           36.9365982
Dihedral =          163.4754914     1-4 vdW  =           52.8990998
1-4 Elec =         -474.2451128     vdWaals  =         -109.3178942
Elec.    =          -19.8146324     Egb      =         -958.1685147
TOTAL    =        -1297.8082393
