Bond     =           10.1271087     Angle    =           38.6615372
Dihedral =          164.7260547     1-4 vdW  =           53.6277223
1-4 Elec =         -358.8170866     vdWaals  =         -112.5659867
Elec.    =         -113.4236460     Egb      =         -929.6611118
TOTAL    =        -1247.3254082
