Bond     =           12.9448471     Angle    =           36.6733108
Dihedral =          162.7393347     1-4 vdW  =           51.6260960
1-4 Elec =         -951.2023254     vdWaals  =          -99.4954987
Elec.    =          279.8505911     Egb      =         -994.0836907
TOTAL    =        -1500.9473352
