Bond     =           12.8177851     Angle    =           39.3294062
Dihedral =          159.8733679     1-4 vdW  =           52.6018295
1-4 Elec =         -874.0642655     vdWaals  =         -115.9577231
Elec.    =          220.5641382     Egb      =        -1008.5593613
TOTAL    =        -1513.3948230
