Bond     =           12.1526574     Angle    =           36.4840275
Dihedral =          164.5184167     1-4 vdW  =           51.5905484
1-4 Elec =         -775.5326382     vdWaals  =         -102.2054470
Elec.    =          182.1662425     Egb      =         -987.7375775
TOTAL    =        -1418.5637702
