Bond     =           11.1839828     Angle    =           41.5693627
Dihedral =          157.4541608     1-4 vdW  =           50.6136134
1-4 Elec =         -523.1040726     vdWaals  =         -114.3466084
Elec.    =          102.8716561     Egb      =        -1071.2931949
TOTAL    =        -1345.0511002
