Bond     =           12.6507861     Angle    =           45.3381621
Dihedral =          175.9353788     1-4 vdW  =           53.1939957
1-4 Elec =         -805.1683190     vdWaals  =         -112.5356151
Elec.    =          101.4967520     Egb      =         -954.6938142
TOTAL    =        -1483.7826736
