Bond     =           12.3632345     Angle    =           36.2499696
Dihedral =          177.2590725     1-4 vdW  =           54.4421567
1-4 Elec =         -894.8602107     vdWaals  =         -101.8104659
Elec.    =          236.7491281     Egb      =         -987.8610330
TOTAL    =        -1467.4681483
