Bond     =           11.0947474     Angle    =           35.7386737
Dihedral =          168.2983958     1-4 vdW  =           52.5091700
1-4 Elec =         -555.6420450     vdWaals  =         -104.7817125
Elec.    =           28.5182051     Egb      =         -936.5739487
TOTAL    =        -1300.8385143
