Bond     =           14.0577482     Angle    =           38.1138782
Dihedral =          156.1172570     1-4 vdW  =           51.0209332
1-4 Elec =         -810.7360845     vdWaals  =         -120.4875044
Elec.    =          232.1878935     Egb      =        -1048.5905549
TOTAL    =        -1488.3164337
