Bond     =           11.8043011     Angle    =           35.8679311
Dihedral =          162.0276586     1-4 vdW  =           50.2850899
1-4 Elec =         -717.0220421     vdWaals  =         -104.0282844
Elec.    =          174.1717081     Egb      =        -1003.4335949
TOTAL    =        -1390.3272326
