Bond     =           11.8605070     Angle    =           44.2682855
Dihedral =          162.2887324     1-4 vdW  =           50.8950389
1-4 Elec =         -694.2947488     vdWaals  =         -113.0530136
Elec.    =          187.5760361     Egb      =        -1068.7173657
TOTAL    =        -1419.1765282
