Bond     =           12.7860842     Angle    =           36.5894636
Dihedral =          171.4735408     1-4 vdW  =           54.5030283
1-4 Elec =         -900.6986980     vdWaals  =          -96.9436185
Elec.    =          243.9856600     Egb      =         -990.5379804
TOTAL    =        -1468.8425200
