Bond     =           12.1818771     Angle    =           38.3257260
Dihedral =          165.7856653     1-4 vdW  =           50.1100121
1-4 Elec =         -700.3657122     vdWaals  =         -109.1407377
Elec.    =           76.7075404     Egb      =         -940.9898069
TOTAL    =        -1407.3854359
