Bond     =           11.7389271     Angle    =           38.0832177
Dihedral =          155.1766194     1-4 vdW  =           50.5760033
1-4 Elec =         -641.7781464     vdWaals  =         -117.1365083
Elec.    =          194.6734772     Egb      =        -1093.0144399
TOTAL    =        -1401.6808500
