Bond     =           12.5209332     Angle    =           36.2941680
Dihedral =          171.0189693     1-4 vdW  =           54.5377466
1-4 Elec =         -898.2634562     vdWaals  =          -97.0228660
Elec.    =          232.3329735     Egb      =         -984.0047651
TOTAL    =        -1472.5862966
