Bond     =           10.4424708     Angle    =           32.5259981
Dihedral =          180.2797496     1-4 vdW  =           49.9374821
1-4 Elec =         -503.4027400     vdWaals  =         -101.3664792
Elec.    =           12.4857743     Egb      =         -922.2251095
TOTAL    =        -1241.3228539
