Bond     =           11.7664151     Angle    =           34.9587562
Dihedral =          182.8667524     1-4 vdW  =           50.1450363
1-4 Elec =         -609.5929960     vdWaals  =         -107.7075857
Elec.    =           24.3745456     Egb      =         -906.6805559
TOTAL    =        -1319.8696319
