Bond     =           11.8168545     Angle    =           36.1962681
Dihedral =          165.4151921     1-4 vdW  =           53.0245292
1-4 Elec =         -753.1445142     vdWaals  =         -115.3508673
Elec.    =           88.7927268     Egb      =         -935.2215390
TOTAL    =        -1448.4713499
