Bond     =           11.3402135     Angle    =           41.0964381
Dihedral =          173.9906834     1-4 vdW  =           52.1838770
1-4 Elec =         -580.9380950     vdWaals  =         -111.6542140
Elec.    =          -27.3758619     Egb      =         -912.8739574
TOTAL    =        -1354.2309162
