Bond     =           10.3017758     Angle    =           38.4654325
Dihedral =          180.1467401     1-4 vdW  =           50.8289420
1-4 Elec =         -419.4451515     vdWaals  =         -114.7707121
Elec.    =         -104.6911571     Egb      =         -892.1995163
TOTAL    =        -1251.3636466
