Bond     =           11.4096006     Angle    =           39.0537695
Dihedral =          168.7508863     1-4 vdW  =           52.4587339
1-4 Elec =         -579.1786601     vdWaals  =         -118.9281055
Elec.    =          -15.0503613     Egb      =         -920.7678386
TOTAL    =        -1362.2519753
