Bond     =            5.4363521     Angle    =           13.5173449
Dihedral =           81.8973980     1-4 vdW  =           20.9449353
1-4 Elec =         -256.8925499     vdWaals  =          -27.0119358
Elec.    =          -73.4531940     Egb      =         -237.5874818
TOTAL    =         -473.1491312
