Bond     =           14.7781476     Angle    =           38.0909998
Dihedral =          195.8216549     1-4 vdW  =           53.8696754
1-4 Elec =        -1107.9840793     vdWaals  =         -100.4008949
Elec.    =          308.7210179     Egb      =         -960.4658780
TOTAL    =        -1557.5693566
