Bond     =            6.3710696     Angle    =           16.9463058
Dihedral =          116.5746378     1-4 vdW  =           29.2837761
1-4 Elec =         -282.2228906     vdWaals  =          -43.5614244
Elec.    =         -119.1208303     Egb      =         -375.5655185
TOTAL    =         -651.2948745
