Bond     =            2.7081119     Angle    =            5.5665501
Dihedral =           23.4858902     1-4 vdW  =            7.9131057
1-4 Elec =         -166.8308688     vdWaals  =           -4.7565833
Elec.    =           -4.7652371     Egb      =          -71.5685759
TOTAL    =         -208.2476073
