Bond     =           16.0128973     Angle    =           39.2115711
Dihedral =          192.5639136     1-4 vdW  =           52.6680337
1-4 Elec =        -1211.0400769     vdWaals  =          -99.2351160
Elec.    =          395.0504399     Egb      =        -1006.7780781
TOTAL    =        -1621.5464154
