Bond     =           12.5751028     Angle    =           39.4798480
Dihedral =          146.3332587     1-4 vdW  =           50.2630881
1-4 Elec =         -748.6162568     vdWaals  =         -128.3387925
Elec.    =          233.3555366     Egb      =        -1075.0080343
TOTAL    =        -1469.9562495
