Bond     =           13.4148305     Angle    =           38.6605733
Dihedral =          153.0873935     1-4 vdW  =           51.1401405
1-4 Elec =         -982.5450142     vdWaals  =         -117.8625736
Elec.    =          310.0602575     Egb      =        -1037.1607450
TOTAL    =        -1571.2051376
