Bond     =           12.7020942     Angle    =           39.4130123
Dihedral =          151.6186248     1-4 vdW  =           51.6725896
1-4 Elec =         -807.3504234     vdWaals  =         -126.8479816
Elec.    =          209.2178238     Egb      =        -1028.8108635
TOTAL    =        -1498.3851237
