Bond     =           11.7214015     Angle    =           40.5465088
Dihedral =          181.2839154     1-4 vdW  =           55.4407170
1-4 Elec =         -697.1164268     vdWaals  =         -109.2161131
Elec.    =           51.5993069     Egb      =         -943.0137236
TOTAL    =        -1408.7544141
