Bond     =           11.9491140     Angle    =           41.9480704
Dihedral =          157.5070063     1-4 vdW  =           51.3295356
1-4 Elec =         -692.1134413     vdWaals  =         -116.1731724
Elec.    =          112.3356602     Egb      =         -997.0743801
TOTAL    =        -1430.2916074
