Bond     =           12.1314282     Angle    =           35.7847953
Dihedral =          168.2723743     1-4 vdW  =           51.2216493
1-4 Elec =         -776.9092200     vdWaals  =         -104.2170196
Elec.    =          162.6078838     Egb      =         -965.3277690
TOTAL    =        -1416.4358777
