Bond     =           12.4396234     Angle    =           41.3845437
Dihedral =          169.8161017     1-4 vdW  =           53.5314840
1-4 Elec =         -678.9740084     vdWaals  =         -125.4032578
Elec.    =          116.8447129     Egb      =        -1019.5846411
TOTAL    =        -1429.9454417
