Bond     =           13.4986436     Angle    =           37.3674502
Dihedral =          160.3793516     1-4 vdW  =           51.2212789
1-4 Elec =         -953.0050671     vdWaals  =         -108.2078187
Elec.    =          255.4953378     Egb      =         -964.6904107
TOTAL    =        -1507.9412343
