Bond     =           12.8742097     Angle    =           39.4677560
Dihedral =          157.7167855     1-4 vdW  =           52.0776771
1-4 Elec =         -865.5243906     vdWaals  =         -117.9587407
Elec.    =          215.9163784     Egb      =        -1013.1995339
TOTAL    =        -1518.6298585
