Bond     =           11.4736110     Angle    =           37.2013707
Dihedral =          169.7398046     1-4 vdW  =           51.7300592
1-4 Elec =         -653.7059169     vdWaals  =         -110.8172619
Elec.    =           66.8481370     Egb      =         -944.9311078
TOTAL    =        -1372.4613043
