Bond     =           12.7460114     Angle    =           40.1983128
Dihedral =          157.8621350     1-4 vdW  =           51.8745721
1-4 Elec =         -867.3370965     vdWaals  =         -111.7539110
Elec.    =          237.1603057     Egb      =        -1030.8443033
TOTAL    =        -1510.0939739
