Bond     =           11.5460591     Angle    =           38.1933076
Dihedral =          161.8679156     1-4 vdW  =           50.2333305
1-4 Elec =         -598.6905888     vdWaals  =         -116.3713732
Elec.    =           74.8771242     Egb      =         -968.4181202
TOTAL    =        -1346.7623452
