Bond     =           11.6424126     Angle    =           35.2218993
Dihedral =          183.1507780     1-4 vdW  =           54.1851359
1-4 Elec =         -634.2405697     vdWaals  =         -118.9518715
Elec.    =           -2.2154078     Egb      =         -916.0075978
TOTAL    =        -1387.2152210
