Bond     =           12.8915204     Angle    =           33.4971170
Dihedral =          175.6224530     1-4 vdW  =           51.3912227
1-4 Elec =         -797.1084102     vdWaals  =         -120.5269987
Elec.    =          214.1017077     Egb      =        -1038.5455980
TOTAL    =        -1468.6769860
