Bond     =           13.0867423     Angle    =           37.9955268
Dihedral =          191.8867881     1-4 vdW  =           54.1007418
1-4 Elec =         -738.1497917     vdWaals  =         -131.3611134
Elec.    =           54.6531360     Egb      =         -931.7273428
TOTAL    =        -1449.5153129
