Bond     =           13.6392324     Angle    =           36.5001749
Dihedral =          173.5724952     1-4 vdW  =           53.8286082
1-4 Elec =         -849.7054719     vdWaals  =         -127.9530833
Elec.    =          115.2708628     Egb      =         -944.7075092
TOTAL    =        -1529.5546908
