Bond     =           13.4580453     Angle    =           36.1018171
Dihedral =          177.9355232     1-4 vdW  =           53.1319862
1-4 Elec =         -850.7077227     vdWaals  =         -125.1774382
Elec.    =          108.5428403     Egb      =         -930.6069969
TOTAL    =        -1517.3219456
