Bond     =           13.3730595     Angle    =           36.1563156
Dihedral =          172.4527448     1-4 vdW  =           52.1959261
1-4 Elec =         -790.2985616     vdWaals  =         -129.7901151
Elec.    =          117.5502882     Egb      =         -967.4988094
TOTAL    =        -1495.8591519
