Bond     =           12.9791792     Angle    =           35.1079450
Dihedral =          170.5233188     1-4 vdW  =           52.0629898
1-4 Elec =         -796.2116527     vdWaals  =         -122.5937289
Elec.    =          174.2969039     Egb      =        -1010.8379907
TOTAL    =        -1484.6730357
