Bond     =           13.8858088     Angle    =           37.2066749
Dihedral =          175.2136427     1-4 vdW  =           52.8812347
1-4 Elec =         -852.2666144     vdWaals  =         -133.9220781
Elec.    =          174.5210420     Egb      =         -992.5706350
TOTAL    =        -1525.0509243
