Bond     =           13.6664664     Angle    =           36.0598780
Dihedral =          171.8078797     1-4 vdW  =           52.7281356
1-4 Elec =         -854.8925194     vdWaals  =         -124.5010355
Elec.    =          217.6019920     Egb      =        -1021.4283609
TOTAL    =        -1508.9575640
