Bond     =           12.3256564     Angle    =           38.9509567
Dihedral =          176.5037995     1-4 vdW  =           54.3307642
1-4 Elec =         -804.6921282     vdWaals  =         -118.7518285
Elec.    =          109.9925984     Egb      =         -937.9204346
TOTAL    =        -1469.2606161
