Bond     =           12.8745577     Angle    =           35.8864649
Dihedral =          166.0189621     1-4 vdW  =           52.4654167
1-4 Elec =         -783.1664113     vdWaals  =         -100.7552960
Elec.    =          221.3065071     Egb      =        -1016.9862150
TOTAL    =        -1412.3560139
