Bond     =           13.0822465     Angle    =           34.8332570
Dihedral =          163.7173553     1-4 vdW  =           51.6946125
1-4 Elec =         -795.3595849     vdWaals  =         -101.2888439
Elec.    =          268.6988414     Egb      =        -1031.4761099
TOTAL    =        -1396.0982260
