Bond     =           13.6336307     Angle    =           36.5057388
Dihedral =          162.7112208     1-4 vdW  =           52.6612251
1-4 Elec =         -958.9609018     vdWaals  =         -105.1855651
Elec.    =          305.5746724     Egb      =        -1007.8779288
TOTAL    =        -1500.9379079
