Bond     =           12.2798794     Angle    =           38.2978617
Dihedral =          169.4586146     1-4 vdW  =           53.5025386
1-4 Elec =         -757.9652887     vdWaals  =         -119.5449345
Elec.    =          209.3989581     Egb      =        -1055.0173210
TOTAL    =        -1449.5896918
