Bond     =           12.6030823     Angle    =           38.2610773
Dihedral =          165.4635268     1-4 vdW  =           52.8212404
1-4 Elec =         -758.2140810     vdWaals  =         -109.3295292
Elec.    =          173.1966693     Egb      =        -1026.8417395
TOTAL    =        -1452.0397536
