Bond     =           12.0194792     Angle    =           38.7475679
Dihedral =          168.0509726     1-4 vdW  =           53.5210809
1-4 Elec =         -758.1656539     vdWaals  =         -110.4715304
Elec.    =          225.0445059     Egb      =        -1072.5419499
TOTAL    =        -1443.7955278
