Bond     =           12.2650477     Angle    =           37.7531876
Dihedral =          167.7285952     1-4 vdW  =           52.2207389
1-4 Elec =         -698.5196195     vdWaals  =         -114.8045895
Elec.    =          234.0258048     Egb      =        -1104.5158788
TOTAL    =        -1413.8467136
