Bond     =           13.0475550     Angle    =           33.6609465
Dihedral =          178.9418202     1-4 vdW  =           52.6645455
1-4 Elec =         -873.7017229     vdWaals  =         -115.2511839
Elec.    =          252.6393998     Egb      =        -1021.8443147
TOTAL    =        -1479.8429545
