Bond     =           12.7652751     Angle    =           40.7673417
Dihedral =          173.6514245     1-4 vdW  =           51.4980866
1-4 Elec =         -624.5642143     vdWaals  =         -135.4967819
Elec.    =            8.0120794     Egb      =         -932.6504491
TOTAL    =        -1406.0172381
