Bond     =           12.8592173     Angle    =           41.0169953
Dihedral =          175.6552900     1-4 vdW  =           51.5588864
1-4 Elec =         -705.3034814     vdWaals  =         -108.9214284
Elec.    =          139.5341537     Egb      =         -983.2812382
TOTAL    =        -1376.8816052
