Bond     =           12.5461959     Angle    =           39.1412268
Dihedral =          186.1676556     1-4 vdW  =           53.0086616
1-4 Elec =         -677.3471854     vdWaals  =         -122.8022144
Elec.    =           27.0020691     Egb      =         -927.9925627
TOTAL    =        -1410.2761535
