Bond     =           14.3154725     Angle    =           39.8540237
Dihedral =          180.5718238     1-4 vdW  =           54.8225037
1-4 Elec =        -1095.7973650     vdWaals  =         -107.6025006
Elec.    =          302.8654834     Egb      =         -986.5904923
TOTAL    =        -1597.5610508
