Bond     =           12.7039772     Angle    =           36.3767618
Dihedral =          182.4181509     1-4 vdW  =           53.9189201
1-4 Elec =         -755.7734217     vdWaals  =         -116.7649772
Elec.    =          163.0106452     Egb      =        -1008.3026611
TOTAL    =        -1432.4126046
