Bond     =           13.1375419     Angle    =           35.4766285
Dihedral =          178.0504781     1-4 vdW  =           53.5695144
1-4 Elec =         -868.7475047     vdWaals  =         -113.3677437
Elec.    =          169.8986209     Egb      =         -952.6785744
TOTAL    =        -1484.6610390
