Bond     =           13.2313864     Angle    =           40.0995035
Dihedral =          173.1817948     1-4 vdW  =           52.4883552
1-4 Elec =         -876.5916019     vdWaals  =          -99.9596623
Elec.    =          174.7018699     Egb      =         -954.3759367
TOTAL    =        -1477.2242911
