Bond     =           13.2008464     Angle    =           39.6396327
Dihedral =          183.4722944     1-4 vdW  =           52.6231444
1-4 Elec =         -865.0390340     vdWaals  =         -105.9466682
Elec.    =          162.8851913     Egb      =         -966.6098041
TOTAL    =        -1485.7743972
