Bond     =           13.2826356     Angle    =           37.3972683
Dihedral =          186.2228359     1-4 vdW  =           54.6747448
1-4 Elec =         -932.4535665     vdWaals  =         -105.7151153
Elec.    =          212.7796501     Egb      =         -966.7471106
TOTAL    =        -1500.5586576
