Bond     =           12.8947333     Angle    =           34.1730150
Dihedral =          181.5620474     1-4 vdW  =           53.3397315
1-4 Elec =         -871.8787258     vdWaals  =         -115.2738387
Elec.    =          179.7325301     Egb      =         -956.3310291
TOTAL    =        -1481.7815361
