Bond     =           10.9266562     Angle    =           42.9494812
Dihedral =          177.1868811     1-4 vdW  =           53.0298023
1-4 Elec =         -503.6383467     vdWaals  =         -129.0554426
Elec.    =          -30.2344657     Egb      =         -958.7143066
TOTAL    =        -1337.5497407
