Bond     =           12.5690455     Angle    =           41.9876021
Dihedral =          186.5985424     1-4 vdW  =           52.1455668
1-4 Elec =         -686.4792646     vdWaals  =         -113.3929390
Elec.    =           43.6223664     Egb      =         -940.1266576
TOTAL    =        -1403.0757382
