Bond     =           13.1555806     Angle    =           40.4594293
Dihedral =          179.4954815     1-4 vdW  =           52.8921721
1-4 Elec =         -872.6358511     vdWaals  =         -107.5017552
Elec.    =          206.1359831     Egb      =         -986.4552232
TOTAL    =        -1474.4541830
