Bond     =           14.4317776     Angle    =           38.6092492
Dihedral =          161.3600859     1-4 vdW  =           52.8018610
1-4 Elec =        -1050.8334414     vdWaals  =         -110.1135869
Elec.    =          360.8212787     Egb      =        -1055.2306704
TOTAL    =        -1588.1534463
