Bond     =           10.4740840     Angle    =           39.9718834
Dihedral =          181.3901782     1-4 vdW  =           54.2109208
1-4 Elec =         -343.3466173     vdWaals  =          -98.0230687
Elec.    =          -76.8196410     Egb      =        -1012.5544891
TOTAL    =        -1244.6967497
