Bond     =           14.3120789     Angle    =           39.5823687
Dihedral =          168.6290975     1-4 vdW  =           52.7026706
1-4 Elec =        -1124.2342716     vdWaals  =         -109.8945266
Elec.    =          372.2936216     Egb      =        -1002.8580338
TOTAL    =        -1589.4669948
