Bond     =           12.2390440     Angle    =           38.4266177
Dihedral =          172.9170623     1-4 vdW  =           52.9947215
1-4 Elec =         -823.0675123     vdWaals  =         -103.1616890
Elec.    =          134.8158376     Egb      =         -944.0445805
TOTAL    =        -1458.8804989
