Bond     =           10.7974287     Angle    =           37.8067283
Dihedral =          182.3530645     1-4 vdW  =           53.5832187
1-4 Elec =         -533.0335951     vdWaals  =          -96.2849512
Elec.    =           25.5081375     Egb      =         -991.7943241
TOTAL    =        -1311.0642927
