Bond     =           13.3163643     Angle    =           35.6357674
Dihedral =          176.9263925     1-4 vdW  =           52.9208230
1-4 Elec =        -1013.1137501     vdWaals  =          -88.7485998
Elec.    =          256.9041650     Egb      =         -949.4044931
TOTAL    =        -1515.5633307
