Bond     =           13.8704082     Angle    =           38.5715303
Dihedral =          170.2162763     1-4 vdW  =           52.8516441
1-4 Elec =         -948.6852630     vdWaals  =         -105.3496474
Elec.    =          313.7458353     Egb      =        -1036.9319140
TOTAL    =        -1501.7111302
