Bond     =           12.3936063     Angle    =           47.1543631
Dihedral =          174.3058303     1-4 vdW  =           53.4090064
1-4 Elec =         -760.5267000     vdWaals  =          -99.1383225
Elec.    =          129.0557366     Egb      =         -966.2437671
TOTAL    =        -1409.5902468
