Bond     =           12.5151638     Angle    =           46.7829055
Dihedral =          171.3701306     1-4 vdW  =           52.3006698
1-4 Elec =         -698.8660752     vdWaals  =         -111.6296549
Elec.    =          101.0784810     Egb      =         -959.4671380
TOTAL    =        -1385.9155172
