Bond     =           13.5101748     Angle    =           40.1270350
Dihedral =          170.6452387     1-4 vdW  =           52.2495424
1-4 Elec =         -862.1640773     vdWaals  =          -97.9650112
Elec.    =          174.0077466     Egb      =         -976.9918300
TOTAL    =        -1486.5811810
