Bond     =           12.7369138     Angle    =           46.7801841
Dihedral =          172.6669060     1-4 vdW  =           54.6517490
1-4 Elec =         -824.4293976     vdWaals  =          -94.7887029
Elec.    =          135.2530594     Egb      =         -945.7449225
TOTAL    =        -1442.8742108
