Bond     =           12.4036378     Angle    =           36.8895400
Dihedral =          177.4138626     1-4 vdW  =           52.1824185
1-4 Elec =         -704.7828025     vdWaals  =         -112.0985050
Elec.    =          132.8342119     Egb      =         -992.6594587
TOTAL    =        -1397.8170954
