Bond     =           11.7981639     Angle    =           38.7906369
Dihedral =          168.8172086     1-4 vdW  =           52.0900703
1-4 Elec =         -703.1152986     vdWaals  =         -104.8268787
Elec.    =          152.1706934     Egb      =        -1013.8450005
TOTAL    =        -1398.1204047
