Bond     =           13.2786433     Angle    =           41.6503421
Dihedral =          163.4412379     1-4 vdW  =           52.4713132
1-4 Elec =         -865.7454482     vdWaals  =         -106.2331959
Elec.    =          260.5561134     Egb      =        -1059.1555876
TOTAL    =        -1499.7365817
