Bond     =           12.3735348     Angle    =           44.8195827
Dihedral =          170.5445147     1-4 vdW  =           51.8906076
1-4 Elec =         -696.1398233     vdWaals  =         -108.1850723
Elec.    =          106.9010124     Egb      =         -973.1274564
TOTAL    =        -1390.9230998
