Bond     =           12.7019116     Angle    =           45.2580578
Dihedral =          174.6636135     1-4 vdW  =           54.3354022
1-4 Elec =         -820.3674892     vdWaals  =          -88.9713000
Elec.    =          168.7491547     Egb      =         -987.1975274
TOTAL    =        -1440.8281769
