Bond     =           13.1100172     Angle    =           44.6454218
Dihedral =          169.6805462     1-4 vdW  =           53.6454047
1-4 Elec =         -839.9494113     vdWaals  =          -96.6286117
Elec.    =          161.0470726     Egb      =         -937.4331663
TOTAL    =        -1431.8827267
