Bond     =           12.1855269     Angle    =           39.7434735
Dihedral =          182.4658970     1-4 vdW  =           51.9690855
1-4 Elec =         -641.0502484     vdWaals  =         -106.8450353
Elec.    =           -5.8646463     Egb      =         -899.4377233
TOTAL    =        -1366.8336705
