Bond     =           11.4073484     Angle    =           37.2977027
Dihedral =          187.0302490     1-4 vdW  =           51.1289749
1-4 Elec =         -421.0098477     vdWaals  =         -113.3011108
Elec.    =          -48.3022456     Egb      =         -941.1714025
TOTAL    =        -1236.9203316
