Bond     =           12.2311284     Angle    =           33.0232424
Dihedral =          176.4984976     1-4 vdW  =           52.2237238
1-4 Elec =         -832.6243789     vdWaals  =         -101.5226531
Elec.    =          161.2063607     Egb      =         -945.7044906
TOTAL    =        -1444.6685697
