Bond     =           10.6774988     Angle    =           33.9935765
Dihedral =          180.9236020     1-4 vdW  =           52.6171257
1-4 Elec =         -536.4615555     vdWaals  =         -101.5942565
Elec.    =          -16.1474639     Egb      =         -935.4240355
TOTAL    =        -1311.4155084
