Bond     =           12.2287926     Angle    =           31.6057138
Dihedral =          178.7675596     1-4 vdW  =           52.8334128
1-4 Elec =         -831.3679906     vdWaals  =         -100.5082062
Elec.    =          141.9458255     Egb      =         -932.0882485
TOTAL    =        -1446.5831410
