Bond     =           13.3869210     Angle    =           31.7818112
Dihedral =          161.4738078     1-4 vdW  =           48.5998639
1-4 Elec =         -935.1125979     vdWaals  =         -113.3055873
Elec.    =          386.2268639     Egb      =        -1106.4314470
TOTAL    =        -1513.3803645
