Bond     =           13.3373523     Angle    =           31.2282581
Dihedral =          206.4029175     1-4 vdW  =           51.6895275
1-4 Elec =         -702.3348002     vdWaals  =         -102.9201496
Elec.    =           97.5206448     Egb      =         -940.6348861
TOTAL    =        -1345.7111358
