Bond     =           11.9155062     Angle    =           32.3089953
Dihedral =          202.0875428     1-4 vdW  =           52.2732919
1-4 Elec =         -678.1647013     vdWaals  =         -107.1364232
Elec.    =           41.3049532     Egb      =         -944.7851189
TOTAL    =        -1390.1959539
