Bond     =           14.1596913     Angle    =           31.5008839
Dihedral =          205.6576581     1-4 vdW  =           52.3785700
1-4 Elec =         -978.1314159     vdWaals  =         -106.8768763
Elec.    =          230.0532475     Egb      =         -946.6741769
TOTAL    =        -1497.9324183
