Bond     =           14.2286732     Angle    =           31.3349241
Dihedral =          201.6473206     1-4 vdW  =           51.2208137
1-4 Elec =         -881.9828770     vdWaals  =         -110.0044843
Elec.    =          175.3958554     Egb      =         -922.3389192
TOTAL    =        -1440.4986935
