Bond     =           14.0114195     Angle    =           35.7546532
Dihedral =          203.5774464     1-4 vdW  =           51.3241151
1-4 Elec =         -821.8907783     vdWaals  =          -90.7030382
Elec.    =          174.0012374     Egb      =         -954.7682390
TOTAL    =        -1388.6931839
