Bond     =           14.6886776     Angle    =           32.5778010
Dihedral =          203.3260414     1-4 vdW  =           51.3661781
1-4 Elec =         -873.0799701     vdWaals  =         -107.5345133
Elec.    =          113.6360453     Egb      =         -881.5141113
TOTAL    =        -1446.5338511
