Bond     =           12.4319344     Angle    =           31.7812818
Dihedral =          206.6403155     1-4 vdW  =           53.1082908
1-4 Elec =         -679.5002718     vdWaals  =          -79.5289989
Elec.    =           60.2329515     Egb      =         -953.6507264
TOTAL    =        -1348.4852232
