Bond     =           12.3175641     Angle    =           30.5240333
Dihedral =          213.0362541     1-4 vdW  =           53.0402646
1-4 Elec =         -524.0477343     vdWaals  =         -100.1282619
Elec.    =           12.7858609     Egb      =         -951.7095880
TOTAL    =        -1254.1816072
