Bond     =           10.6287603     Angle    =           34.3543014
Dihedral =          205.8498230     1-4 vdW  =           54.6720931
1-4 Elec =         -460.0481099     vdWaals  =          -97.0983162
Elec.    =          -59.8823516     Egb      =         -942.6755168
TOTAL    =        -1254.1993168
