Bond     =           11.8054338     Angle    =           33.5477903
Dihedral =          198.2347018     1-4 vdW  =           51.9698592
1-4 Elec =         -674.2129638     vdWaals  =          -96.1961094
Elec.    =           34.8479563     Egb      =         -947.9373767
TOTAL    =        -1387.9407084
