Bond     =           13.4991823     Angle    =           29.9221652
Dihedral =          214.4117501     1-4 vdW  =           53.1802085
1-4 Elec =         -817.1082076     vdWaals  =         -102.1847643
Elec.    =          154.5851945     Egb      =         -930.2725987
TOTAL    =        -1383.9670699
