Bond     =           11.4624867     Angle    =           37.3406492
Dihedral =          194.7581040     1-4 vdW  =           53.9809658
1-4 Elec =         -688.2289472     vdWaals  =          -95.3421752
Elec.    =          -34.6419080     Egb      =         -872.5771570
TOTAL    =        -1393.2479815
