Bond     =           11.6905043     Angle    =           32.2420620
Dihedral =          163.4253345     1-4 vdW  =           42.7128238
1-4 Elec =         -484.0950500     vdWaals  =          -72.1567526
Elec.    =          -62.4862388     Egb      =         -734.7263350
TOTAL    =        -1103.3936518
