Bond     =           10.9113068     Angle    =           36.1776754
Dihedral =          172.2257965     1-4 vdW  =           43.4907208
1-4 Elec =         -364.7681083     vdWaals  =          -70.9833659
Elec.    =         -149.9307716     Egb      =         -714.0994113
TOTAL    =        -1036.9761575
