Bond     =            9.8416697     Angle    =           37.0809240
Dihedral =          176.3687175     1-4 vdW  =           44.8848489
1-4 Elec =         -248.5263980     vdWaals  =          -73.5723115
Elec.    =         -223.4448106     Egb      =         -705.1878687
TOTAL    =         -982.5552285
