Bond     =           11.4432603     Angle    =           34.5998371
Dihedral =          169.9953098     1-4 vdW  =           51.2017244
1-4 Elec =         -607.1376530     vdWaals  =         -103.6787832
Elec.    =          138.8313101     Egb      =        -1025.2909915
TOTAL    =        -1330.0359860
