Bond     =           13.2372577     Angle    =           36.7771612
Dihedral =          188.2215543     1-4 vdW  =           52.9615641
1-4 Elec =         -640.8429953     vdWaals  =         -101.7758843
Elec.    =           75.5141640     Egb      =         -980.1548714
TOTAL    =        -1356.0620497
