Bond     =           12.2037145     Angle    =           38.6952771
Dihedral =          160.6570796     1-4 vdW  =           52.5706132
1-4 Elec =         -770.6363728     vdWaals  =         -111.1473889
Elec.    =          202.9549482     Egb      =        -1026.0933858
TOTAL    =        -1440.7955149
