Bond     =           13.9680895     Angle    =           39.3414313
Dihedral =          163.6818981     1-4 vdW  =           52.0550039
1-4 Elec =        -1047.7275808     vdWaals  =         -111.3495073
Elec.    =          353.0967521     Egb      =        -1047.9358804
TOTAL    =        -1584.8697934
