Bond     =           13.7013222     Angle    =           36.6347814
Dihedral =          165.3325761     1-4 vdW  =           51.6708393
1-4 Elec =        -1042.9113684     vdWaals  =         -107.4795515
Elec.    =          321.4882461     Egb      =        -1021.7905381
TOTAL    =        -1583.3536929
