Bond     =           11.9486805     Angle    =           37.0261452
Dihedral =          166.6656189     1-4 vdW  =           51.6244690
1-4 Elec =         -665.8918484     vdWaals  =          -99.0051209
Elec.    =          119.0023606     Egb      =         -985.1079499
TOTAL    =        -1363.7376450
