Bond     =           11.1022191     Angle    =           32.5131099
Dihedral =          181.3104505     1-4 vdW  =           49.5967397
1-4 Elec =         -514.2243177     vdWaals  =          -94.0397333
Elec.    =           97.4469093     Egb      =         -989.1070434
TOTAL    =        -1225.4016657
