Bond     =           11.4064891     Angle    =           32.8876532
Dihedral =          167.8177127     1-4 vdW  =           49.2994218
1-4 Elec =         -544.2137491     vdWaals  =         -116.9424186
Elec.    =           91.5775053     Egb      =        -1002.7445494
TOTAL    =        -1310.9119350
