Bond     =            9.4329283     Angle    =           37.4761728
Dihedral =          177.0118434     1-4 vdW  =           51.0346085
1-4 Elec =         -210.1941117     vdWaals  =         -105.3261914
Elec.    =          -40.2493022     Egb      =        -1031.6664324
TOTAL    =        -1112.4804848
