Bond     =           11.5183933     Angle    =           33.6102877
Dihedral =          167.4990803     1-4 vdW  =           50.1428322
1-4 Elec =         -544.7698273     vdWaals  =         -111.2207130
Elec.    =           60.6276853     Egb      =         -977.1871957
TOTAL    =        -1309.7794572
