Bond     =           12.4271995     Angle    =           36.0579988
Dihedral =          170.0481919     1-4 vdW  =           51.2691688
1-4 Elec =         -767.7383042     vdWaals  =          -97.7378897
Elec.    =          164.6179342     Egb      =         -995.5208816
TOTAL    =        -1426.5765822
