Bond     =           12.3359749     Angle    =           40.4716509
Dihedral =          158.3080876     1-4 vdW  =           53.0298745
1-4 Elec =         -758.6935945     vdWaals  =         -116.3587973
Elec.    =          168.2299352     Egb      =        -1021.4515368
TOTAL    =        -1464.1284055
