Bond     =           11.4916170     Angle    =           35.0481256
Dihedral =          165.7543178     1-4 vdW  =           50.7201982
1-4 Elec =         -514.7727180     vdWaals  =         -103.4854132
Elec.    =          114.8075526     Egb      =        -1004.9772832
TOTAL    =        -1245.4136032
