Bond     =           13.1522263     Angle    =           39.6201112
Dihedral =          150.8511912     1-4 vdW  =           50.9236089
1-4 Elec =         -829.2063353     vdWaals  =         -115.0872460
Elec.    =          291.6581956     Egb      =        -1070.7665700
TOTAL    =        -1468.8548181
