Bond     =           10.2509540     Angle    =           38.4568315
Dihedral =          175.6965779     1-4 vdW  =           51.9183429
1-4 Elec =         -373.0000445     vdWaals  =         -100.3862764
Elec.    =           65.0605816     Egb      =        -1078.8256159
TOTAL    =        -1210.8286490
