Bond     =           10.7655570     Angle    =           33.3478553
Dihedral =          169.7326695     1-4 vdW  =           50.6636187
1-4 Elec =         -440.6213210     vdWaals  =         -100.6541061
Elec.    =           21.1345449     Egb      =         -978.1446470
TOTAL    =        -1233.7758287
