Bond     =           11.3872725     Angle    =           35.0467527
Dihedral =          162.0225371     1-4 vdW  =           50.4157500
1-4 Elec =         -545.5042645     vdWaals  =         -111.2503216
Elec.    =          106.6026951     Egb      =        -1021.3003336
TOTAL    =        -1312.5799123
