Bond     =           12.9058698     Angle    =           36.8937857
Dihedral =          153.4906892     1-4 vdW  =           50.5185768
1-4 Elec =         -826.9419369     vdWaals  =         -120.3006233
Elec.    =          285.2946354     Egb      =        -1063.2950624
TOTAL    =        -1471.4340656
