Bond     =           12.3848158     Angle    =           35.2595869
Dihedral =          166.1125461     1-4 vdW  =           51.6883805
1-4 Elec =         -775.4479193     vdWaals  =         -106.4985132
Elec.    =          183.8036143     Egb      =         -986.9822322
TOTAL    =        -1419.6797211
