Bond     =           12.9859920     Angle    =           33.1979134
Dihedral =          170.2359730     1-4 vdW  =           51.8156018
1-4 Elec =         -872.7875539     vdWaals  =          -98.4657197
Elec.    =          201.5123906     Egb      =         -983.3248418
TOTAL    =        -1484.8302446
