Bond     =           11.9615975     Angle    =           36.5369260
Dihedral =          162.7425040     1-4 vdW  =           51.8168797
1-4 Elec =         -676.1037997     vdWaals  =         -105.8522207
Elec.    =          132.7454651     Egb      =         -967.1839200
TOTAL    =        -1353.3365681
