Bond     =           13.0161989     Angle    =           40.1735064
Dihedral =          150.6717232     1-4 vdW  =           51.9471697
1-4 Elec =         -819.4138299     vdWaals  =         -127.4780300
Elec.    =          270.4285181     Egb      =        -1072.0846994
TOTAL    =        -1492.7394431
