Bond     =           13.0057156     Angle    =           36.9872479
Dihedral =          161.1192039     1-4 vdW  =           52.1654229
1-4 Elec =         -884.8517863     vdWaals  =         -119.8796523
Elec.    =          261.3231544     Egb      =        -1017.4811601
TOTAL    =        -1497.6118539
