Bond     =           13.2089302     Angle    =           34.9728339
Dihedral =          181.6294622     1-4 vdW  =           51.2862410
1-4 Elec =         -889.7539938     vdWaals  =         -108.9774206
Elec.    =          203.4062127     Egb      =         -947.2616327
TOTAL    =        -1461.4893671
