Bond     =           12.7220211     Angle    =           40.6557068
Dihedral =          146.8677344     1-4 vdW  =           51.2454283
1-4 Elec =         -760.2557142     vdWaals  =         -129.1694789
Elec.    =          272.7360709     Egb      =        -1099.1561674
TOTAL    =        -1464.3543989
