Bond     =           13.8717485     Angle    =           40.7659574
Dihedral =          181.4624565     1-4 vdW  =           51.3421202
1-4 Elec =         -878.8961134     vdWaals  =         -109.8357786
Elec.    =          252.6924319     Egb      =        -1010.6271398
TOTAL    =        -1459.2243172
