Bond     =           12.2137681     Angle    =           39.9774074
Dihedral =          181.3889003     1-4 vdW  =           53.4316434
1-4 Elec =         -748.3098993     vdWaals  =         -100.1840852
Elec.    =          164.5752874     Egb      =        -1020.4371619
TOTAL    =        -1417.3441398
