Bond     =           12.3747931     Angle    =           38.0584577
Dihedral =          170.0807847     1-4 vdW  =           51.7036400
1-4 Elec =         -765.2484843     vdWaals  =          -91.3894648
Elec.    =           96.3166502     Egb      =         -920.3487562
TOTAL    =        -1408.4523794
