Bond     =           10.9804285     Angle    =           41.3606155
Dihedral =          179.4366851     1-4 vdW  =           52.3693639
1-4 Elec =         -468.1602825     vdWaals  =         -111.4179343
Elec.    =           -9.7869577     Egb      =         -979.1681201
TOTAL    =        -1284.3862015
