Bond     =           11.2207930     Angle    =           44.1971260
Dihedral =          181.1509126     1-4 vdW  =           50.2893655
1-4 Elec =         -409.8888177     vdWaals  =          -88.8905379
Elec.    =          -85.7914645     Egb      =         -922.0494027
TOTAL    =        -1219.7620258
