Bond     =           11.4699836     Angle    =           42.2281744
Dihedral =          174.4053333     1-4 vdW  =           52.1754890
1-4 Elec =         -572.4122227     vdWaals  =         -110.4183444
Elec.    =            4.9573728     Egb      =         -964.1332447
TOTAL    =        -1361.7274588
