Bond     =           12.3648077     Angle    =           40.0565901
Dihedral =          183.0119907     1-4 vdW  =           52.5417088
1-4 Elec =         -763.3612418     vdWaals  =         -103.5669190
Elec.    =          201.9615322     Egb      =        -1021.9843121
TOTAL    =        -1398.9758436
