Bond     =           12.7501130     Angle    =           36.3023720
Dihedral =          178.0728778     1-4 vdW  =           51.1429887
1-4 Elec =         -772.9246973     vdWaals  =         -107.7720418
Elec.    =          149.7880837     Egb      =         -954.5776745
TOTAL    =        -1407.2179784
