Bond     =           10.8199289     Angle    =           36.3760108
Dihedral =          175.4350627     1-4 vdW  =           52.4833038
1-4 Elec =         -482.3262924     vdWaals  =         -106.6664362
Elec.    =           11.3850299     Egb      =         -975.4137139
TOTAL    =        -1277.9071065
