Bond     =           11.8503946     Angle    =           35.7119987
Dihedral =          177.5285807     1-4 vdW  =           53.1282911
1-4 Elec =         -654.7311488     vdWaals  =         -101.1608001
Elec.    =           56.5561000     Egb      =         -939.0583301
TOTAL    =        -1360.1749138
