Bond     =           12.1682110     Angle    =           35.8071678
Dihedral =          178.6749692     1-4 vdW  =           51.6811857
1-4 Elec =         -694.3325811     vdWaals  =         -120.1981206
Elec.    =          127.1604373     Egb      =         -988.3429309
TOTAL    =        -1397.3816614
