Bond     =           12.3343757     Angle    =           36.3743721
Dihedral =          177.8666565     1-4 vdW  =           51.6875107
1-4 Elec =         -696.0979621     vdWaals  =         -117.9676006
Elec.    =          128.6490041     Egb      =         -995.6846551
TOTAL    =        -1402.8382987
