Bond     =           12.9812049     Angle    =           37.9091136
Dihedral =          165.5484860     1-4 vdW  =           52.6120395
1-4 Elec =         -861.4384478     vdWaals  =         -121.6124364
Elec.    =          175.2796216     Egb      =         -977.5326784
TOTAL    =        -1516.2530970
