Bond     =           11.9987991     Angle    =           37.3967652
Dihedral =          184.4023403     1-4 vdW  =           52.6868876
1-4 Elec =         -568.0901811     vdWaals  =         -116.8251595
Elec.    =          -42.0110100     Egb      =         -907.8138109
TOTAL    =        -1348.2553694
