Bond     =           13.2314536     Angle    =           40.2649863
Dihedral =          181.9743223     1-4 vdW  =           54.4158202
1-4 Elec =         -911.6534564     vdWaals  =          -96.0570569
Elec.    =          131.2285397     Egb      =         -928.0986798
TOTAL    =        -1514.6940710
