Bond     =           12.9324033     Angle    =           35.2631804
Dihedral =          165.7033153     1-4 vdW  =           51.4958907
1-4 Elec =         -888.5556315     vdWaals  =         -110.9071374
Elec.    =          260.9702478     Egb      =         -999.0267319
TOTAL    =        -1472.1244633
