Bond     =           12.4379044     Angle    =           40.6279445
Dihedral =          181.1722391     1-4 vdW  =           53.8926471
1-4 Elec =         -737.1672438     vdWaals  =          -97.1418109
Elec.    =           31.9761924     Egb      =         -916.4523729
TOTAL    =        -1430.6545000
