Bond     =           12.8328931     Angle    =           37.6277043
Dihedral =          159.3185348     1-4 vdW  =           52.3475489
1-4 Elec =         -878.2725566     vdWaals  =         -110.1093008
Elec.    =          223.0605888     Egb      =         -990.7873486
TOTAL    =        -1493.9819362
