Bond     =           12.3529555     Angle    =           35.3412551
Dihedral =          164.4077072     1-4 vdW  =           51.2650239
1-4 Elec =         -767.6109840     vdWaals  =         -105.1892790
Elec.    =          152.3028795     Egb      =         -968.9726334
TOTAL    =        -1426.1030752
