Bond     =           13.3836514     Angle    =           34.0956046
Dihedral =          166.4299213     1-4 vdW  =           51.7267700
1-4 Elec =         -883.7689530     vdWaals  =         -101.7748391
Elec.    =          244.8608205     Egb      =         -994.4262286
TOTAL    =        -1469.4732529
