Bond     =           11.9811424     Angle    =           35.2680882
Dihedral =          163.5517782     1-4 vdW  =           52.0769026
1-4 Elec =         -769.3096028     vdWaals  =         -105.6907841
Elec.    =          192.0297440     Egb      =        -1004.1508596
TOTAL    =        -1424.2435912
