Bond     =           11.9629927     Angle    =           34.3695689
Dihedral =          176.3925196     1-4 vdW  =           49.8792129
1-4 Elec =         -603.6306684     vdWaals  =          -96.3592814
Elec.    =          114.4489562     Egb      =         -994.7061616
TOTAL    =        -1307.6428610
