Bond     =           11.7617084     Angle    =           35.0396705
Dihedral =          158.4760639     1-4 vdW  =           47.9980922
1-4 Elec =         -555.4596612     vdWaals  =         -107.6918097
Elec.    =          114.2152588     Egb      =        -1002.2138787
TOTAL    =        -1297.8745558
