Bond     =           10.9305056     Angle    =           34.4270267
Dihedral =          189.9893492     1-4 vdW  =           51.2486758
1-4 Elec =         -413.2252314     vdWaals  =         -110.8856136
Elec.    =          -88.7578170     Egb      =         -908.7682045
TOTAL    =        -1235.0413093
