Bond     =           13.1193761     Angle    =           38.3646795
Dihedral =          163.8403400     1-4 vdW  =           51.8756435
1-4 Elec =         -942.3616191     vdWaals  =         -105.9445814
Elec.    =          269.2614033     Egb      =        -1008.3433110
TOTAL    =        -1520.1880691
