Bond     =           12.7979264     Angle    =           36.7939671
Dihedral =          163.7483392     1-4 vdW  =           50.6731255
1-4 Elec =         -774.0740445     vdWaals  =         -110.9517891
Elec.    =          173.9158576     Egb      =         -980.2209119
TOTAL    =        -1427.3175298
