Bond     =           13.4926802     Angle    =           37.4540678
Dihedral =          160.3577789     1-4 vdW  =           49.0103537
1-4 Elec =         -891.0767885     vdWaals  =         -106.0558182
Elec.    =          261.1392256     Egb      =         -999.1783681
TOTAL    =        -1474.8568687
