Bond     =           12.2811195     Angle    =           37.4593982
Dihedral =          171.6907139     1-4 vdW  =           49.5298533
1-4 Elec =         -613.1212701     vdWaals  =         -102.8447965
Elec.    =          138.3019485     Egb      =         -996.1657966
TOTAL    =        -1302.8688298
