Bond     =           12.8071163     Angle    =           36.7554458
Dihedral =          173.9042131     1-4 vdW  =           51.1426083
1-4 Elec =         -779.9123709     vdWaals  =         -102.4098299
Elec.    =          229.2172255     Egb      =        -1019.9004476
TOTAL    =        -1398.3960394
