Bond     =           13.0861123     Angle    =           37.9019130
Dihedral =          165.7602080     1-4 vdW  =           51.8398844
1-4 Elec =         -940.7539722     vdWaals  =         -104.1345664
Elec.    =          261.9538334     Egb      =        -1002.9546803
TOTAL    =        -1517.3012678
