Bond     =           12.3273108     Angle    =           37.9392092
Dihedral =          163.7401030     1-4 vdW  =           50.4612010
1-4 Elec =         -778.1496189     vdWaals  =         -103.7468825
Elec.    =          211.0679933     Egb      =        -1011.1178365
TOTAL    =        -1417.4785208
