Bond     =           13.3865959     Angle    =           38.2827581
Dihedral =          189.3482629     1-4 vdW  =           48.5546281
1-4 Elec =         -700.9157820     vdWaals  =          -88.3256327
Elec.    =           55.1498993     Egb      =         -907.1221196
TOTAL    =        -1351.6413900
