Bond     =           12.3548081     Angle    =           41.7299763
Dihedral =          207.3493882     1-4 vdW  =           50.6855433
1-4 Elec =         -650.4693559     vdWaals  =          -82.1274649
Elec.    =           34.9172376     Egb      =         -917.9990845
TOTAL    =        -1303.5589519
