Bond     =           12.2948461     Angle    =           38.7096038
Dihedral =          203.9033741     1-4 vdW  =           50.1315840
1-4 Elec =         -488.6955426     vdWaals  =          -87.0439134
Elec.    =          -17.3462292     Egb      =         -924.0489517
TOTAL    =        -1212.0952289
