Bond     =            9.8421330     Angle    =           28.5086770
Dihedral =          202.0143180     1-4 vdW  =           50.8141954
1-4 Elec =         -326.6766036     vdWaals  =          -97.2794116
Elec.    =          -98.5974651     Egb      =         -906.3007902
TOTAL    =        -1137.6749471
