Bond     =           12.7111493     Angle    =           41.7745228
Dihedral =          189.4617769     1-4 vdW  =           48.4485109
1-4 Elec =         -527.8713173     vdWaals  =          -84.9479122
Elec.    =           11.5891280     Egb      =         -949.4066102
TOTAL    =        -1258.2407519
