Bond     =           11.7948645     Angle    =           42.2180241
Dihedral =          197.5049205     1-4 vdW  =           50.6517995
1-4 Elec =         -477.9858777     vdWaals  =          -96.7312591
Elec.    =          -47.1357266     Egb      =         -919.3490753
TOTAL    =        -1239.0323301
