Bond     =           10.4757985     Angle    =           33.4584445
Dihedral =          191.3108553     1-4 vdW  =           52.2374616
1-4 Elec =         -377.3382162     vdWaals  =          -99.7078968
Elec.    =         -100.9195206     Egb      =         -905.0420561
TOTAL    =        -1195.5251298
