Bond     =           11.8038508     Angle    =           44.1761031
Dihedral =          209.4768033     1-4 vdW  =           52.4818706
1-4 Elec =         -373.0179438     vdWaals  =         -103.3901104
Elec.    =          -55.8531874     Egb      =         -917.5578347
TOTAL    =        -1131.8804484
