Bond     =           11.3672394     Angle    =           40.0826029
Dihedral =          185.2461638     1-4 vdW  =           50.8141935
1-4 Elec =         -384.0299537     vdWaals  =          -92.9723900
Elec.    =          -94.7463093     Egb      =         -888.1003332
TOTAL    =        -1172.3387867
