Bond     =           10.8165957     Angle    =           34.6777085
Dihedral =          197.9986530     1-4 vdW  =           53.2006621
1-4 Elec =         -472.9513909     vdWaals  =          -97.5151358
Elec.    =          -91.7709168     Egb      =         -892.8776287
TOTAL    =        -1258.4214529
