Bond     =           10.8390099     Angle    =           36.6854911
Dihedral =          207.2868452     1-4 vdW  =           55.3635344
1-4 Elec =         -526.7170775     vdWaals  =         -101.6435162
Elec.    =          -83.5107678     Egb      =         -875.9406091
TOTAL    =        -1277.6370900
