Bond     =           10.2409220     Angle    =           29.8268806
Dihedral =          159.3922706     1-4 vdW  =           44.5641470
1-4 Elec =         -624.9004895     vdWaals  =          -76.6357537
Elec.    =           29.5913911     Egb      =         -730.2735399
TOTAL    =        -1158.1941718
