Bond     =           12.5430387     Angle    =           32.7976688
Dihedral =          173.0816000     1-4 vdW  =           51.7835747
1-4 Elec =         -871.1674613     vdWaals  =         -109.3406550
Elec.    =          172.4736229     Egb      =         -948.3743186
TOTAL    =        -1486.2029297
