Bond     =           13.6012974     Angle    =           34.5095929
Dihedral =          167.3695237     1-4 vdW  =           52.0039694
1-4 Elec =        -1047.5745074     vdWaals  =         -107.7503867
Elec.    =          284.8932450     Egb      =         -973.0972931
TOTAL    =        -1576.0445588
