Bond     =           12.7940613     Angle    =           36.0807872
Dihedral =          162.0886647     1-4 vdW  =           51.5386624
1-4 Elec =         -873.7843962     vdWaals  =         -116.1088677
Elec.    =          202.3012491     Egb      =         -975.2549359
TOTAL    =        -1500.3447751
