Bond     =           13.0483661     Angle    =           45.8199052
Dihedral =          203.9325141     1-4 vdW  =           54.6390068
1-4 Elec =         -877.1666941     vdWaals  =          -89.2066566
Elec.    =          206.7909182     Egb      =         -984.0485320
TOTAL    =        -1426.1911723
