Bond     =           12.0307474     Angle    =           47.8691078
Dihedral =          211.7632833     1-4 vdW  =           55.0397263
1-4 Elec =         -703.9567730     vdWaals  =          -90.6617954
Elec.    =          135.8716616     Egb      =         -998.5257329
TOTAL    =        -1330.5697750
