Bond     =           15.1643774     Angle    =           44.9661127
Dihedral =          192.9471250     1-4 vdW  =           52.9456387
1-4 Elec =        -1066.6810448     vdWaals  =          -70.9358511
Elec.    =          236.7868112     Egb      =         -916.6810898
TOTAL    =        -1511.4879208
