Bond     =           15.9628651     Angle    =           51.0549828
Dihedral =          184.6707690     1-4 vdW  =           52.7674429
1-4 Elec =        -1177.4897403     vdWaals  =          -80.2732940
Elec.    =          297.1906521     Egb      =         -929.2967894
TOTAL    =        -1585.4131120
