Bond     =           15.5429703     Angle    =           44.2904911
Dihedral =          195.9660817     1-4 vdW  =           51.3058235
1-4 Elec =         -888.1253995     vdWaals  =          -89.1042595
Elec.    =          139.9144918     Egb      =         -895.2795747
TOTAL    =        -1425.4893753
