Bond     =           11.2704571     Angle    =           43.4583797
Dihedral =          203.6229423     1-4 vdW  =           53.3397649
1-4 Elec =         -647.2689369     vdWaals  =          -89.9601872
Elec.    =           70.7469029     Egb      =         -966.3138810
TOTAL    =        -1321.1045583
