Bond     =           12.6374150     Angle    =           45.6381520
Dihedral =          206.4448738     1-4 vdW  =           55.1366066
1-4 Elec =         -880.2456857     vdWaals  =          -90.1827897
Elec.    =          202.3166437     Egb      =         -979.3969336
TOTAL    =        -1427.6517178
