Bond     =           14.0715973     Angle    =           39.0327958
Dihedral =          160.4715897     1-4 vdW  =           52.1328635
1-4 Elec =        -1050.8336464     vdWaals  =         -105.3434334
Elec.    =          329.8769993     Egb      =        -1025.2533150
TOTAL    =        -1585.8445491
