Bond     =           11.0538046     Angle    =           39.6302427
Dihedral =          188.5060515     1-4 vdW  =           52.1707540
1-4 Elec =         -481.8996792     vdWaals  =         -101.4014372
Elec.    =          -12.4085710     Egb      =         -952.6322424
TOTAL    =        -1256.9810771
