Bond     =           11.6031757     Angle    =           37.7765007
Dihedral =          186.4190126     1-4 vdW  =           52.8150720
1-4 Elec =         -645.6377896     vdWaals  =         -103.6840217
Elec.    =           67.6238847     Egb      =         -969.3799248
TOTAL    =        -1362.4640906
