Bond     =           11.7893827     Angle    =           36.1931127
Dihedral =          185.1243729     1-4 vdW  =           51.6589960
1-4 Elec =         -734.7790592     vdWaals  =          -90.1743467
Elec.    =          158.7098473     Egb      =         -967.9977668
TOTAL    =        -1349.4754611
