Bond     =           13.3575464     Angle    =           39.7457410
Dihedral =          163.3001177     1-4 vdW  =           53.2909135
1-4 Elec =         -934.7613915     vdWaals  =         -102.2975617
Elec.    =          238.7327692     Egb      =        -1003.0992023
TOTAL    =        -1531.7310677
