Bond     =           12.6587401     Angle    =           35.4735578
Dihedral =          165.8240490     1-4 vdW  =           50.8177730
1-4 Elec =         -781.9597573     vdWaals  =         -101.9291825
Elec.    =          192.2941959     Egb      =         -990.7258138
TOTAL    =        -1417.5464378
