Bond     =           13.9304220     Angle    =           36.9422035
Dihedral =          165.2834453     1-4 vdW  =           51.6164878
1-4 Elec =        -1042.5505374     vdWaals  =         -107.6804828
Elec.    =          317.9637727     Egb      =        -1019.8766194
TOTAL    =        -1584.3713083
