Bond     =           11.5438824     Angle    =           34.4209894
Dihedral =          166.0952899     1-4 vdW  =           49.5744332
1-4 Elec =         -544.6581695     vdWaals  =         -115.9763755
Elec.    =           88.2421312     Egb      =         -999.5897378
TOTAL    =        -1310.3475569
