Bond     =           10.8001538     Angle    =           35.5261770
Dihedral =          162.8067999     1-4 vdW  =           49.8805273
1-4 Elec =         -444.8602117     vdWaals  =         -101.2039234
Elec.    =           67.7596584     Egb      =        -1016.4895167
TOTAL    =        -1235.7803356
