Bond     =           11.5643180     Angle    =           34.6741559
Dihedral =          165.1371984     1-4 vdW  =           50.1514409
1-4 Elec =         -545.2745541     vdWaals  =         -110.6122195
Elec.    =           55.7722051     Egb      =         -972.7509413
TOTAL    =        -1311.3383967
