Bond     =           14.1220359     Angle    =           39.2227592
Dihedral =          156.8706058     1-4 vdW  =           51.8444237
1-4 Elec =        -1048.0751912     vdWaals  =         -117.7800982
Elec.    =          339.5415078     Egb      =        -1032.2339392
TOTAL    =        -1596.4878963
