Bond     =           10.8679040     Angle    =           35.2168205
Dihedral =          175.9419591     1-4 vdW  =           52.7822815
1-4 Elec =         -490.2276471     vdWaals  =         -109.0558510
Elec.    =           28.5819740     Egb      =         -976.9016981
TOTAL    =        -1272.7942571
