Bond     =           11.7948549     Angle    =           35.9464175
Dihedral =          173.7131289     1-4 vdW  =           52.9858659
1-4 Elec =         -595.6250603     vdWaals  =         -114.4122727
Elec.    =           86.4612611     Egb      =         -997.3460779
TOTAL    =        -1346.4818826
