Bond     =            9.5396375     Angle    =           38.1488683
Dihedral =          176.1437004     1-4 vdW  =           51.0529813
1-4 Elec =         -210.6917072     vdWaals  =         -105.6110137
Elec.    =          -39.0259252     Egb      =        -1033.0313331
TOTAL    =        -1113.4747916
