Bond     =           10.9368490     Angle    =           34.7204025
Dihedral =          176.5347432     1-4 vdW  =           49.3663254
1-4 Elec =         -516.8230907     vdWaals  =          -93.6496713
Elec.    =           86.5097468     Egb      =         -981.0618630
TOTAL    =        -1233.4665582
