Bond     =           10.9216662     Angle    =           39.8265992
Dihedral =          181.0680808     1-4 vdW  =           50.8923308
1-4 Elec =         -423.8259321     vdWaals  =         -102.1033718
Elec.    =          -38.1850718     Egb      =         -952.2718467
TOTAL    =        -1233.6775455
