Bond     =           11.6514715     Angle    =           36.5212892
Dihedral =          167.7363173     1-4 vdW  =           52.2921765
1-4 Elec =         -665.9864044     vdWaals  =          -98.9902108
Elec.    =          114.8578263     Egb      =         -981.4377811
TOTAL    =        -1363.3553155
