Bond     =           13.1516861     Angle    =           38.0076734
Dihedral =          177.5826765     1-4 vdW  =           52.8964963
1-4 Elec =         -836.7213570     vdWaals  =          -98.0264137
Elec.    =          160.7428476     Egb      =         -928.9805224
TOTAL    =        -1421.3469131
