Bond     =           12.0661424     Angle    =           36.3231753
Dihedral =          160.7156922     1-4 vdW  =           50.6707923
1-4 Elec =         -637.9164092     vdWaals  =         -128.1379062
Elec.    =          101.7132841     Egb      =         -988.7379087
TOTAL    =        -1393.3031377
