Bond     =           12.5118487     Angle    =           33.5794324
Dihedral =          168.8395374     1-4 vdW  =           51.3623784
1-4 Elec =         -680.4905411     vdWaals  =         -102.9481293
Elec.    =          109.4235593     Egb      =         -926.0150004
TOTAL    =        -1333.7369148
