Bond     =           12.8768682     Angle    =           37.0226347
Dihedral =          160.6572300     1-4 vdW  =           54.0585976
1-4 Elec =         -932.2915482     vdWaals  =         -112.2216550
Elec.    =          200.5477433     Egb      =         -952.0053349
TOTAL    =        -1531.3554645
