Bond     =           12.4450746     Angle    =           35.3122817
Dihedral =          158.1041862     1-4 vdW  =           51.9120908
1-4 Elec =         -783.1496555     vdWaals  =         -107.1788089
Elec.    =          195.6633708     Egb      =         -976.7679466
TOTAL    =        -1413.6594069
