Bond     =           11.5502090     Angle    =           34.4251963
Dihedral =          157.6100033     1-4 vdW  =           50.2911952
1-4 Elec =         -549.9871796     vdWaals  =         -110.5279512
Elec.    =          115.5960444     Egb      =        -1009.6143754
TOTAL    =        -1300.6568579
