Bond     =           11.7750752     Angle    =           35.0905059
Dihedral =          170.5490734     1-4 vdW  =           52.4122623
1-4 Elec =         -664.5234530     vdWaals  =         -103.1044471
Elec.    =           48.9770232     Egb      =         -905.5422978
TOTAL    =        -1354.3662579
