Bond     =           13.1054390     Angle    =           39.1793847
Dihedral =          174.9758691     1-4 vdW  =           51.7191621
1-4 Elec =         -776.2321831     vdWaals  =         -107.5636833
Elec.    =          102.4136182     Egb      =         -904.8781083
TOTAL    =        -1407.2805017
