Bond     =           12.2876544     Angle    =           32.9407840
Dihedral =          170.5948125     1-4 vdW  =           51.2326180
1-4 Elec =         -681.5806736     vdWaals  =          -98.2295521
Elec.    =           68.9068174     Egb      =         -890.4166976
TOTAL    =        -1334.2642370
