Bond     =           11.9855610     Angle    =           36.2633698
Dihedral =          169.1436036     1-4 vdW  =           53.6095229
1-4 Elec =         -724.5704417     vdWaals  =         -100.9955825
Elec.    =          111.5531113     Egb      =         -941.2785357
TOTAL    =        -1384.2893912
