Bond     =           12.5533193     Angle    =           38.5572264
Dihedral =          168.9263435     1-4 vdW  =           49.8971328
1-4 Elec =         -706.3933689     vdWaals  =         -114.1233087
Elec.    =           97.8775547     Egb      =         -944.6214221
TOTAL    =        -1397.3265229
