Bond     =           11.7279014     Angle    =           33.1928988
Dihedral =          166.9060825     1-4 vdW  =           51.7369525
1-4 Elec =         -607.6712123     vdWaals  =         -105.1960977
Elec.    =           80.8603085     Egb      =         -957.0127435
TOTAL    =        -1325.4559099
