Bond     =           11.8667971     Angle    =           35.9580229
Dihedral =          169.3492989     1-4 vdW  =           54.0739042
1-4 Elec =         -724.3916171     vdWaals  =          -99.0836287
Elec.    =           83.3638672     Egb      =         -916.3801123
TOTAL    =        -1385.2434679
