Bond     =           12.6678764     Angle    =           36.7488986
Dihedral =          175.0843513     1-4 vdW  =           50.9525372
1-4 Elec =         -778.0802474     vdWaals  =         -107.4939515
Elec.    =           97.1827499     Egb      =         -901.9579691
TOTAL    =        -1414.8957546
