Bond     =           11.5522060     Angle    =           33.0659124
Dihedral =          162.6356417     1-4 vdW  =           50.6664861
1-4 Elec =         -548.3274862     vdWaals  =         -107.3888408
Elec.    =           78.6743252     Egb      =         -979.1546011
TOTAL    =        -1298.2763568
