Bond     =           11.9327457     Angle    =           34.0444749
Dihedral =          169.7031093     1-4 vdW  =           53.0980293
1-4 Elec =         -737.0313630     vdWaals  =          -93.9830575
Elec.    =           94.5875787     Egb      =         -898.5143484
TOTAL    =        -1366.1628310
