Bond     =           10.6394214     Angle    =           35.6591928
Dihedral =          163.1402856     1-4 vdW  =           50.7323561
1-4 Elec =         -429.1932105     vdWaals  =         -119.2542266
Elec.    =            1.7447795     Egb      =         -978.5376298
TOTAL    =        -1265.0690315
