Bond     =           12.5105779     Angle    =           36.0231468
Dihedral =          174.7847184     1-4 vdW  =           52.3980388
1-4 Elec =         -768.2537441     vdWaals  =         -105.4684699
Elec.    =          176.4651286     Egb      =        -1007.0915237
TOTAL    =        -1428.6321271
