Bond     =           12.7325526     Angle    =           46.7640639
Dihedral =          183.2530666     1-4 vdW  =           49.5693665
1-4 Elec =         -855.7453777     vdWaals  =          -91.1701663
Elec.    =          242.7144597     Egb      =         -968.2474158
TOTAL    =        -1380.1294505
