Bond     =           11.7191550     Angle    =           36.8339020
Dihedral =          182.4893737     1-4 vdW  =           53.4662104
1-4 Elec =         -473.0354017     vdWaals  =         -121.1575724
Elec.    =            9.4058785     Egb      =         -998.9342778
TOTAL    =        -1299.2127324
