Bond     =           12.7645472     Angle    =           42.6784378
Dihedral =          182.2905657     1-4 vdW  =           52.6137571
1-4 Elec =         -639.9042954     vdWaals  =         -104.9151235
Elec.    =          164.2578692     Egb      =        -1077.0389084
TOTAL    =        -1367.2531502
