Bond     =           13.2539614     Angle    =           38.6151643
Dihedral =          160.7827962     1-4 vdW  =           53.2839720
1-4 Elec =         -932.3195238     vdWaals  =         -115.2472459
Elec.    =          290.5569413     Egb      =        -1051.0034555
TOTAL    =        -1542.0773901
