Bond     =           12.6863514     Angle    =           35.9167858
Dihedral =          165.6427835     1-4 vdW  =           51.9673940
1-4 Elec =         -769.0290854     vdWaals  =         -112.2753455
Elec.    =          173.0111638     Egb      =         -995.4899034
TOTAL    =        -1437.5698558
