Bond     =           12.8901256     Angle    =           33.6584958
Dihedral =          181.5592122     1-4 vdW  =           50.3595654
1-4 Elec =         -643.3399162     vdWaals  =          -91.9119693
Elec.    =          147.0134212     Egb      =        -1035.4499576
TOTAL    =        -1345.2210228
