Bond     =           13.8237840     Angle    =           42.0371033
Dihedral =          185.4575717     1-4 vdW  =           53.1758981
1-4 Elec =         -948.4886491     vdWaals  =          -92.0122637
Elec.    =          347.6087311     Egb      =        -1070.6135699
TOTAL    =        -1469.0113945
