Bond     =           13.4615884     Angle    =           35.5795395
Dihedral =          173.5620311     1-4 vdW  =           52.1485783
1-4 Elec =         -943.5334290     vdWaals  =         -110.7389222
Elec.    =          310.3088035     Egb      =        -1038.9548975
TOTAL    =        -1508.1667078
