Bond     =           13.5792258     Angle    =           35.8512875
Dihedral =          171.2490864     1-4 vdW  =           51.8294484
1-4 Elec =         -884.0930927     vdWaals  =         -105.6104831
Elec.    =          268.9872190     Egb      =        -1033.0201248
TOTAL    =        -1481.2274334
