Bond     =           12.1594725     Angle    =           34.8343640
Dihedral =          163.6640880     1-4 vdW  =           51.2210258
1-4 Elec =         -679.0860137     vdWaals  =         -105.0173238
Elec.    =          142.1289030     Egb      =         -973.0163555
TOTAL    =        -1353.1118398
