Bond     =           11.1806006     Angle    =           39.5476697
Dihedral =          170.9028431     1-4 vdW  =           50.9349383
1-4 Elec =         -491.1275678     vdWaals  =          -95.8014544
Elec.    =           33.6258978     Egb      =         -985.0622600
TOTAL    =        -1265.7993327
