Bond     =           12.3803233     Angle    =           39.5661663
Dihedral =          179.7968037     1-4 vdW  =           50.5370327
1-4 Elec =         -669.3403863     vdWaals  =          -85.1790365
Elec.    =          142.0378735     Egb      =        -1003.1185823
TOTAL    =        -1333.3198056
