Bond     =           12.1459867     Angle    =           36.9262226
Dihedral =          168.7363670     1-4 vdW  =           51.0674833
1-4 Elec =         -535.3246496     vdWaals  =         -126.1578435
Elec.    =           69.8402520     Egb      =        -1008.1979758
TOTAL    =        -1330.9641574
