Bond     =           11.6373778     Angle    =           43.3261359
Dihedral =          181.3513175     1-4 vdW  =           49.3895361
1-4 Elec =         -682.4100107     vdWaals  =         -104.6679633
Elec.    =          217.7257023     Egb      =        -1020.1509092
TOTAL    =        -1303.7988136
