Bond     =           11.6024379     Angle    =           35.9605210
Dihedral =          162.2515696     1-4 vdW  =           51.1540526
1-4 Elec =         -605.0793226     vdWaals  =         -111.5949455
Elec.    =          106.0290593     Egb      =         -993.6736550
TOTAL    =        -1343.3502828
