Bond     =           13.1600130     Angle    =           41.7450589
Dihedral =          167.3264346     1-4 vdW  =           48.1403295
1-4 Elec =         -764.6257969     vdWaals  =         -106.1493565
Elec.    =          226.9506838     Egb      =        -1029.7931692
TOTAL    =        -1403.2458027
