Bond     =           13.6519617     Angle    =           35.1553213
Dihedral =          160.6515328     1-4 vdW  =           50.8410773
1-4 Elec =         -825.5221460     vdWaals  =         -111.2356147
Elec.    =          392.1660187     Egb      =        -1164.3061215
TOTAL    =        -1448.5979704
