Bond     =           12.2966691     Angle    =           42.3483295
Dihedral =          180.1704406     1-4 vdW  =           51.1442442
1-4 Elec =         -600.7462227     vdWaals  =          -97.7261955
Elec.    =          206.5451407     Egb      =        -1099.6923959
TOTAL    =        -1305.6599899
