Bond     =           13.9475140     Angle    =           37.1453458
Dihedral =          170.2269160     1-4 vdW  =           52.7289026
1-4 Elec =        -1053.8360283     vdWaals  =         -102.6266169
Elec.    =          330.5599625     Egb      =        -1025.5687175
TOTAL    =        -1577.4227218
