Bond     =           13.6642769     Angle    =           36.1918111
Dihedral =          164.6667947     1-4 vdW  =           51.5423184
1-4 Elec =         -896.1274350     vdWaals  =         -111.2396477
Elec.    =          306.0548828     Egb      =        -1035.8824383
TOTAL    =        -1471.1294370
