Bond     =           11.6535598     Angle    =           36.7880268
Dihedral =          162.7606526     1-4 vdW  =           50.8027087
1-4 Elec =         -603.8944647     vdWaals  =         -112.0678238
Elec.    =          133.1544260     Egb      =        -1018.8399786
TOTAL    =        -1339.6428931
