Bond     =           14.0094903     Angle    =           35.8037524
Dihedral =          168.5455412     1-4 vdW  =           51.4939335
1-4 Elec =        -1061.6549159     vdWaals  =         -109.2321140
Elec.    =          338.3403110     Egb      =        -1002.9585093
TOTAL    =        -1565.6525108
