Bond     =           12.0455278     Angle    =           43.2570357
Dihedral =          178.0786627     1-4 vdW  =           52.8889445
1-4 Elec =         -642.3069904     vdWaals  =          -94.8154887
Elec.    =          124.0869974     Egb      =        -1040.6404754
TOTAL    =        -1367.4057864
