Bond     =           11.4976676     Angle    =           35.2433793
Dihedral =          170.2495353     1-4 vdW  =           51.8703223
1-4 Elec =         -558.6726261     vdWaals  =          -95.0779856
Elec.    =           56.9341157     Egb      =         -963.1636289
TOTAL    =        -1291.1192203
