Bond     =           12.5208910     Angle    =           36.4872587
Dihedral =          178.8373401     1-4 vdW  =           52.4952567
1-4 Elec =         -823.6602632     vdWaals  =         -103.8552279
Elec.    =          156.7992652     Egb      =         -967.1973014
TOTAL    =        -1457.5727810
