Bond     =           12.5900947     Angle    =           35.9421584
Dihedral =          189.0396441     1-4 vdW  =           54.7012229
1-4 Elec =         -995.6701009     vdWaals  =          -97.0532715
Elec.    =          181.8269869     Egb      =         -912.6542703
TOTAL    =        -1531.2775357
