Bond     =           13.2119413     Angle    =           37.9435065
Dihedral =          167.7731364     1-4 vdW  =           52.6660408
1-4 Elec =         -926.0786673     vdWaals  =         -105.2448283
Elec.    =          225.1849328     Egb      =         -999.9528520
TOTAL    =        -1534.4967897
