Bond     =           13.6264701     Angle    =           34.0061046
Dihedral =          165.7538566     1-4 vdW  =           51.8071759
1-4 Elec =         -947.3377678     vdWaals  =         -104.5971164
Elec.    =          262.3934405     Egb      =         -981.1639381
TOTAL    =        -1505.5117747
