Bond     =           12.0769890     Angle    =           38.0941154
Dihedral =          180.1992411     1-4 vdW  =           53.3512729
1-4 Elec =         -821.4347487     vdWaals  =         -102.4403032
Elec.    =          136.2049169     Egb      =         -949.7243931
TOTAL    =        -1453.6729097
