Bond     =           12.7564031     Angle    =           35.0835534
Dihedral =          193.4765492     1-4 vdW  =           54.1277507
1-4 Elec =         -990.0956551     vdWaals  =          -87.6443915
Elec.    =          188.3876994     Egb      =         -928.2249709
TOTAL    =        -1522.1330618
