Bond     =           13.8397459     Angle    =           32.6824275
Dihedral =          174.0691211     1-4 vdW  =           53.1423324
1-4 Elec =        -1111.5292906     vdWaals  =         -100.0788898
Elec.    =          325.4318061     Egb      =         -982.6422235
TOTAL    =        -1595.0849709
