Bond     =           12.7886855     Angle    =           39.2684797
Dihedral =          174.8482084     1-4 vdW  =           49.5722750
1-4 Elec =         -736.7592645     vdWaals  =         -109.1327425
Elec.    =          127.6423664     Egb      =         -991.4991251
TOTAL    =        -1433.2711169
