Bond     =           13.4777978     Angle    =           34.7074177
Dihedral =          164.4737757     1-4 vdW  =           50.1284240
1-4 Elec =         -988.3836924     vdWaals  =          -97.6238014
Elec.    =          239.6385861     Egb      =         -953.2007317
TOTAL    =        -1536.7822242
