Bond     =           12.6950003     Angle    =           34.0217829
Dihedral =          178.3345900     1-4 vdW  =           50.3981275
1-4 Elec =         -885.0383270     vdWaals  =         -102.0063554
Elec.    =          200.5461533     Egb      =         -946.6544542
TOTAL    =        -1457.7034827
