Bond     =           12.7780497     Angle    =           35.5751052
Dihedral =          168.4878629     1-4 vdW  =           50.1478049
1-4 Elec =         -891.5431523     vdWaals  =          -96.8300170
Elec.    =          192.3195713     Egb      =         -938.4604856
TOTAL    =        -1467.5252608
