Bond     =           12.4795060     Angle    =           34.7205472
Dihedral =          167.1213746     1-4 vdW  =           50.4303052
1-4 Elec =         -768.4322939     vdWaals  =          -98.6383746
Elec.    =          145.3642445     Egb      =         -965.8205172
TOTAL    =        -1422.7752083
