Bond     =           12.2288437     Angle    =           34.4060303
Dihedral =          160.9933090     1-4 vdW  =           49.4507387
1-4 Elec =         -714.4531878     vdWaals  =         -107.1056925
Elec.    =          171.9611205     Egb      =        -1002.9282866
TOTAL    =        -1395.4471247
