Bond     =           12.6064080     Angle    =           36.7327668
Dihedral =          171.4374541     1-4 vdW  =           48.7373878
1-4 Elec =         -707.4940617     vdWaals  =          -88.5070956
Elec.    =          103.5360176     Egb      =         -954.6903675
TOTAL    =        -1377.6414904
