Bond     =           11.9732278     Angle    =           38.3616179
Dihedral =          183.0847397     1-4 vdW  =           50.7837813
1-4 Elec =         -573.9781481     vdWaals  =          -99.3660283
Elec.    =          -26.3532285     Egb      =         -928.9187716
TOTAL    =        -1344.4128098
