Bond     =           11.2374184     Angle    =           36.5080890
Dihedral =          184.5898517     1-4 vdW  =           51.7713012
1-4 Elec =         -473.3265639     vdWaals  =          -95.1381686
Elec.    =          -34.8284759     Egb      =         -945.2646870
TOTAL    =        -1264.4512350
