Bond     =           14.0315416     Angle    =           35.4964851
Dihedral =          183.3579945     1-4 vdW  =           50.1135251
1-4 Elec =         -589.1842796     vdWaals  =          -96.4151756
Elec.    =            3.9717386     Egb      =         -927.1814028
TOTAL    =        -1325.8095730
