Bond     =           11.7074238     Angle    =           39.3658977
Dihedral =          161.5697574     1-4 vdW  =           53.2859464
1-4 Elec =         -654.3410349     vdWaals  =         -113.0165445
Elec.    =           89.6120429     Egb      =         -981.2770630
TOTAL    =        -1393.0935740
