Bond     =           10.7851153     Angle    =           37.9119460
Dihedral =          162.2817288     1-4 vdW  =           52.1114352
1-4 Elec =         -491.6989278     vdWaals  =         -114.8401137
Elec.    =           44.3314821     Egb      =         -993.4731369
TOTAL    =        -1292.5904710
