Bond     =           11.5251726     Angle    =           41.0952370
Dihedral =          161.4391269     1-4 vdW  =           54.1401463
1-4 Elec =         -642.4668485     vdWaals  =         -115.1049899
Elec.    =           68.1589926     Egb      =         -989.3921503
TOTAL    =        -1410.6053133
