Bond     =           10.8865286     Angle    =           35.9202921
Dihedral =          163.8716307     1-4 vdW  =           51.8287139
1-4 Elec =         -491.3380631     vdWaals  =         -112.3480946
Elec.    =           45.2006625     Egb      =         -993.5651590
TOTAL    =        -1289.5434890
