Bond     =           13.7838009     Angle    =           40.8516564
Dihedral =          185.5215368     1-4 vdW  =           51.0511902
1-4 Elec =         -940.2963016     vdWaals  =          -91.0365775
Elec.    =          268.6912644     Egb      =         -994.3976692
TOTAL    =        -1465.8310995
