Bond     =           12.9360782     Angle    =           37.5985241
Dihedral =          173.1775191     1-4 vdW  =           50.6470934
1-4 Elec =         -783.4189353     vdWaals  =         -106.0341458
Elec.    =          294.5083082     Egb      =        -1070.7844714
TOTAL    =        -1391.3700295
