Bond     =           14.6819316     Angle    =           38.2798859
Dihedral =          177.2159492     1-4 vdW  =           50.2722635
1-4 Elec =        -1059.2134744     vdWaals  =          -87.4210079
Elec.    =          351.9841821     Egb      =        -1013.6258615
TOTAL    =        -1527.8261314
