Bond     =           11.8055942     Angle    =           37.8711522
Dihedral =          186.4945182     1-4 vdW  =           52.0837746
1-4 Elec =         -758.5023997     vdWaals  =         -102.8844238
Elec.    =          145.3647752     Egb      =         -978.4585427
TOTAL    =        -1406.2255516
