Bond     =           12.8162702     Angle    =           37.8565865
Dihedral =          198.6989739     1-4 vdW  =           51.6633874
1-4 Elec =         -946.4760058     vdWaals  =         -105.6976639
Elec.    =          205.6328167     Egb      =         -921.1689556
TOTAL    =        -1466.6745904
