Bond     =           14.3120193     Angle    =           36.3419283
Dihedral =          164.6148511     1-4 vdW  =           53.9613271
1-4 Elec =        -1112.9523064     vdWaals  =         -107.1661430
Elec.    =          325.5352439     Egb      =         -976.6829156
TOTAL    =        -1602.0359954
