Bond     =           12.8899664     Angle    =           36.0303162
Dihedral =          188.2707076     1-4 vdW  =           50.3155404
1-4 Elec =         -780.6906869     vdWaals  =         -105.2541942
Elec.    =          186.2566201     Egb      =         -958.6246696
TOTAL    =        -1370.8064001
