Bond     =           12.6522128     Angle    =           39.7839447
Dihedral =          181.6861789     1-4 vdW  =           50.7741202
1-4 Elec =         -782.0771298     vdWaals  =         -100.8482908
Elec.    =          213.8859449     Egb      =         -989.0599518
TOTAL    =        -1373.2029708
