Bond     =           12.3471566     Angle    =           38.9191391
Dihedral =          178.6970581     1-4 vdW  =           54.0065378
1-4 Elec =         -822.6783211     vdWaals  =         -106.0033805
Elec.    =          154.1904352     Egb      =         -960.3512530
TOTAL    =        -1450.8726278
