Bond     =           11.3060342     Angle    =           34.7187416
Dihedral =          191.4618740     1-4 vdW  =           51.0985317
1-4 Elec =         -593.7733031     vdWaals  =         -108.5885154
Elec.    =           44.5652629     Egb      =         -940.5833075
TOTAL    =        -1309.7946816
