Bond     =           14.4497969     Angle    =           42.8294406
Dihedral =          190.7462744     1-4 vdW  =           53.3560521
1-4 Elec =         -944.3314422     vdWaals  =         -101.9207383
Elec.    =          183.1919386     Egb      =         -904.6247746
TOTAL    =        -1466.3034525
