Bond     =           13.4258001     Angle    =           41.0116988
Dihedral =          187.2416862     1-4 vdW  =           51.5935464
1-4 Elec =         -880.8939097     vdWaals  =         -102.8053808
Elec.    =          186.0960688     Egb      =         -934.3154649
TOTAL    =        -1438.6459552
