Bond     =           13.8837040     Angle    =           38.0853257
Dihedral =          170.1507141     1-4 vdW  =           51.3232186
1-4 Elec =         -932.7714725     vdWaals  =          -95.0924126
Elec.    =          200.4494208     Egb      =         -958.4249013
TOTAL    =        -1512.3964032
