Bond     =           12.8182743     Angle    =           44.3129468
Dihedral =          176.6083100     1-4 vdW  =           49.2858569
1-4 Elec =         -730.0637178     vdWaals  =          -96.9135437
Elec.    =          157.7691990     Egb      =         -957.3561067
TOTAL    =        -1343.5387811
