Bond     =            2.4999802     Angle    =            5.4198637
Dihedral =           23.4593166     1-4 vdW  =            7.6066432
1-4 Elec =         -169.2798003     vdWaals  =           -4.6165312
Elec.    =            5.0608326     Egb      =          -79.3995551
TOTAL    =         -209.2492504
