Bond     =           14.2708973     Angle    =           43.3387500
Dihedral =          194.5115986     1-4 vdW  =           50.2945030
1-4 Elec =         -942.4701295     vdWaals  =          -99.7381552
Elec.    =          275.3311010     Egb      =         -973.6350031
TOTAL    =        -1438.0964379
