Bond     =           11.4591854     Angle    =           36.3847081
Dihedral =          175.0958074     1-4 vdW  =           52.1764510
1-4 Elec =         -667.8104682     vdWaals  =         -101.0676301
Elec.    =          108.2321814     Egb      =         -955.7597511
TOTAL    =        -1341.2895161
