Bond     =           10.9658562     Angle    =           32.0952769
Dihedral =          170.2925943     1-4 vdW  =           49.9862531
1-4 Elec =         -503.2455962     vdWaals  =         -101.0446445
Elec.    =           46.3263058     Egb      =         -958.0956952
TOTAL    =        -1252.7196495
