Bond     =           16.0567574     Angle    =           49.2511164
Dihedral =          209.2462906     1-4 vdW  =           50.6940907
1-4 Elec =         -836.6445738     vdWaals  =         -104.0822693
Elec.    =          263.4743971     Egb      =         -970.4490662
TOTAL    =        -1322.4532571
