Bond     =           13.0243323     Angle    =           37.6837892
Dihedral =          177.5154953     1-4 vdW  =           49.7651371
1-4 Elec =         -712.6294235     vdWaals  =          -92.5506624
Elec.    =          174.7202086     Egb      =        -1000.9711978
TOTAL    =        -1353.4423212
