Bond     =           13.5501356     Angle    =           37.3565167
Dihedral =          179.6306119     1-4 vdW  =           52.3972281
1-4 Elec =         -953.8292519     vdWaals  =          -89.2062092
Elec.    =          360.6190280     Egb      =        -1056.0016864
TOTAL    =        -1455.4836272
