Bond     =           13.5138035     Angle    =           37.2061616
Dihedral =          165.3987212     1-4 vdW  =           49.5011721
1-4 Elec =         -819.2809852     vdWaals  =          -94.6933233
Elec.    =          216.7086604     Egb      =        -1007.8022035
TOTAL    =        -1439.4479933
