Bond     =           13.0284278     Angle    =           35.6014610
Dihedral =          170.6420564     1-4 vdW  =           53.0391305
1-4 Elec =         -908.2523264     vdWaals  =          -94.7226280
Elec.    =          225.7601676     Egb      =         -948.3185197
TOTAL    =        -1453.2222307
