Bond     =           12.6170518     Angle    =           36.8606228
Dihedral =          179.6881078     1-4 vdW  =           51.7023752
1-4 Elec =         -777.8178835     vdWaals  =          -89.1783339
Elec.    =          274.1304937     Egb      =        -1064.8380701
TOTAL    =        -1376.8356363
