Bond     =           13.5950497     Angle    =           38.0789300
Dihedral =          164.1045061     1-4 vdW  =           50.8574517
1-4 Elec =         -876.3775190     vdWaals  =          -96.4518272
Elec.    =          251.6080096     Egb      =        -1020.7834261
TOTAL    =        -1475.3688253
