Bond     =           12.8709546     Angle    =           36.3163321
Dihedral =          166.8437008     1-4 vdW  =           49.6972297
1-4 Elec =         -715.6257009     vdWaals  =         -102.6738900
Elec.    =          185.7379323     Egb      =        -1010.8209922
TOTAL    =        -1377.6544337
