Bond     =           13.0617229     Angle    =           36.0886409
Dihedral =          174.2029305     1-4 vdW  =           49.3883435
1-4 Elec =         -712.1775405     vdWaals  =          -87.0162170
Elec.    =          173.3304171     Egb      =        -1001.3582459
TOTAL    =        -1354.4799487
