Bond     =           12.8361212     Angle    =           35.9061589
Dihedral =          170.0947051     1-4 vdW  =           52.1146861
1-4 Elec =         -845.6286115     vdWaals  =          -99.1733439
Elec.    =          199.9933197     Egb      =         -951.2948469
TOTAL    =        -1425.1518114
