Bond     =           12.7060553     Angle    =           37.0370442
Dihedral =          168.8202754     1-4 vdW  =           51.4721036
1-4 Elec =         -776.3139385     vdWaals  =          -97.3786829
Elec.    =          187.4123438     Egb      =         -988.0201356
TOTAL    =        -1404.2649347
