Bond     =           13.9249571     Angle    =           35.4431534
Dihedral =          155.0935363     1-4 vdW  =           49.7842602
1-4 Elec =         -997.1605409     vdWaals  =         -107.3476683
Elec.    =          344.1695663     Egb      =        -1040.7165555
TOTAL    =        -1546.8092914
