Bond     =            9.9160754     Angle    =           35.2547036
Dihedral =          132.4030079     1-4 vdW  =           36.5679336
1-4 Elec =         -495.3809527     vdWaals  =          -43.7665096
Elec.    =          -22.1864692     Egb      =         -544.7981707
TOTAL    =         -891.9903817
