Bond     =           10.3588389     Angle    =           38.0499517
Dihedral =          131.8087077     1-4 vdW  =           35.9486716
1-4 Elec =         -436.8759954     vdWaals  =          -37.6659801
Elec.    =          -34.1479823     Egb      =         -553.4857297
TOTAL    =         -846.0095176
