Bond     =           12.8645590     Angle    =           33.8184510
Dihedral =          166.1093324     1-4 vdW  =           49.6631186
1-4 Elec =         -725.2199531     vdWaals  =         -104.3356315
Elec.    =          190.7509760     Egb      =         -987.7369881
TOTAL    =        -1364.0861358
