Bond     =           11.9992500     Angle    =           42.3307982
Dihedral =          173.1378483     1-4 vdW  =           49.2230531
1-4 Elec =         -617.4101138     vdWaals  =          -98.9662099
Elec.    =           96.8426984     Egb      =         -955.2509897
TOTAL    =        -1298.0936654
