Bond     =           12.7310529     Angle    =           38.0814601
Dihedral =          177.1988713     1-4 vdW  =           50.3764551
1-4 Elec =         -677.7433338     vdWaals  =          -88.8712160
Elec.    =          117.3171245     Egb      =         -940.8059109
TOTAL    =        -1311.7154969
