Bond     =           14.5273245     Angle    =           47.0740563
Dihedral =          185.7980174     1-4 vdW  =           48.7753013
1-4 Elec =         -695.0451272     vdWaals  =          -81.6998312
Elec.    =          116.2975775     Egb      =         -924.4152827
TOTAL    =        -1288.6879642
