Bond     =           12.2928077     Angle    =           33.7417156
Dihedral =          176.8903956     1-4 vdW  =           51.6664655
1-4 Elec =         -676.9880425     vdWaals  =          -99.2603872
Elec.    =          133.6163488     Egb      =         -950.9750427
TOTAL    =        -1319.0157392
