Bond     =           12.3485226     Angle    =           40.4185807
Dihedral =          189.2203699     1-4 vdW  =           51.9192218
1-4 Elec =         -518.9713399     vdWaals  =         -109.7012460
Elec.    =            1.1438950     Egb      =         -944.9394157
TOTAL    =        -1278.5614115
