Bond     =           11.1602872     Angle    =           41.2223135
Dihedral =          191.8922070     1-4 vdW  =           52.5411084
1-4 Elec =         -407.3905926     vdWaals  =         -112.5992666
Elec.    =          -57.2062089     Egb      =         -946.0333903
TOTAL    =        -1226.4135424
