Bond     =           10.9004508     Angle    =           37.1211243
Dihedral =          185.1338229     1-4 vdW  =           53.0901056
1-4 Elec =         -405.4623749     vdWaals  =         -114.1559969
Elec.    =          -62.0417029     Egb      =         -947.8863156
TOTAL    =        -1243.3008865
