Bond     =           10.7712048     Angle    =           34.7653479
Dihedral =          183.2180553     1-4 vdW  =           52.9693204
1-4 Elec =         -407.0185511     vdWaals  =         -117.2317654
Elec.    =          -85.7814500     Egb      =         -925.2817138
TOTAL    =        -1253.5895518
