Bond     =           11.4534957     Angle    =           39.4308967
Dihedral =          185.3912531     1-4 vdW  =           52.3956662
1-4 Elec =         -405.8338525     vdWaals  =         -105.8002068
Elec.    =          -77.6552235     Egb      =         -937.1089624
TOTAL    =        -1237.7269334
