Bond     =           11.3431705     Angle    =           33.4540793
Dihedral =          195.1700731     1-4 vdW  =           51.1047449
1-4 Elec =         -438.7755850     vdWaals  =         -113.6183667
Elec.    =           17.0692214     Egb      =         -952.1050858
TOTAL    =        -1196.3577483
