Bond     =           12.1258114     Angle    =           34.7006956
Dihedral =          167.7504349     1-4 vdW  =           51.6350938
1-4 Elec =         -710.5775840     vdWaals  =         -111.6053465
Elec.    =          139.8176478     Egb      =         -977.3764315
TOTAL    =        -1393.5296784
