Bond     =           11.4031109     Angle    =           36.7107642
Dihedral =          169.2268759     1-4 vdW  =           52.7928079
1-4 Elec =         -594.7947298     vdWaals  =         -108.9385454
Elec.    =           89.4125198     Egb      =         -992.8178096
TOTAL    =        -1337.0050061
