Bond     =           12.3883719     Angle    =           33.1021017
Dihedral =          181.0960506     1-4 vdW  =           55.4509261
1-4 Elec =         -814.2495037     vdWaals  =          -93.5360223
Elec.    =          235.5961258     Egb      =        -1056.6499260
TOTAL    =        -1446.8018759
