Bond     =           12.2286347     Angle    =           35.3810653
Dihedral =          194.3323346     1-4 vdW  =           53.3749879
1-4 Elec =         -829.6465773     vdWaals  =          -90.7307640
Elec.    =          113.5460177     Egb      =         -908.9482679
TOTAL    =        -1420.4625690
