Bond     =           11.4466722     Angle    =           34.9279901
Dihedral =          182.2211341     1-4 vdW  =           52.4346134
1-4 Elec =         -668.1942563     vdWaals  =          -90.8546679
Elec.    =           57.6348748     Egb      =         -910.4184799
TOTAL    =        -1330.8021195
