Bond     =           11.4022432     Angle    =           33.9006976
Dihedral =          165.8969546     1-4 vdW  =           53.4432335
1-4 Elec =         -596.4618759     vdWaals  =         -105.0222875
Elec.    =           60.4979424     Egb      =         -960.7606442
TOTAL    =        -1337.1037363
