Bond     =           11.9639561     Angle    =           41.2371980
Dihedral =          196.3341943     1-4 vdW  =           52.4665707
1-4 Elec =         -653.3378851     vdWaals  =          -84.1234271
Elec.    =           37.8292907     Egb      =         -923.6692156
TOTAL    =        -1321.2993181
