Bond     =           11.5650578     Angle    =           32.9981991
Dihedral =          178.7967957     1-4 vdW  =           54.5479288
1-4 Elec =         -653.4902003     vdWaals  =          -96.8643450
Elec.    =          105.9922795     Egb      =         -984.7813201
TOTAL    =        -1351.2356044
