Bond     =           11.2916728     Angle    =           35.5682177
Dihedral =          174.4652746     1-4 vdW  =           52.2678351
1-4 Elec =         -592.7966133     vdWaals  =         -112.2929264
Elec.    =           47.5316382     Egb      =         -952.2691006
TOTAL    =        -1336.2340019
