Bond     =           11.2394400     Angle    =           34.3473553
Dihedral =          172.4394565     1-4 vdW  =           54.4187294
1-4 Elec =         -641.2089313     vdWaals  =         -102.5265552
Elec.    =           14.2973808     Egb      =         -928.9420044
TOTAL    =        -1385.9351289
