Bond     =           11.1133271     Angle    =           43.3741094
Dihedral =          187.2315052     1-4 vdW  =           54.6610917
1-4 Elec =         -512.9523896     vdWaals  =         -120.1100424
Elec.    =          -50.8073067     Egb      =         -924.6261611
TOTAL    =        -1312.1158664
