Bond     =           11.1346607     Angle    =           40.7595514
Dihedral =          186.2600416     1-4 vdW  =           53.1980884
1-4 Elec =         -467.4367619     vdWaals  =         -126.0553945
Elec.    =          -12.6785222     Egb      =         -951.4041797
TOTAL    =        -1266.2225161
