Bond     =           11.3208586     Angle    =           36.7933547
Dihedral =          174.2812209     1-4 vdW  =           52.8816707
1-4 Elec =         -639.4346128     vdWaals  =         -108.6301742
Elec.    =           37.1837423     Egb      =         -948.9835172
TOTAL    =        -1384.5874569
