Bond     =           11.4854307     Angle    =           35.2769080
Dihedral =          171.1617170     1-4 vdW  =           52.1756779
1-4 Elec =         -588.8846954     vdWaals  =         -101.8715478
Elec.    =           76.7879208     Egb      =         -988.9073634
TOTAL    =        -1332.7759522
