Bond     =           13.0063525     Angle    =           40.7693274
Dihedral =          163.2826545     1-4 vdW  =           52.3748034
1-4 Elec =         -872.9576192     vdWaals  =         -114.8769990
Elec.    =          228.6080673     Egb      =        -1015.9493959
TOTAL    =        -1505.7428090
