Bond     =           12.6315669     Angle    =           45.7540819
Dihedral =          178.7548319     1-4 vdW  =           51.1918071
1-4 Elec =         -692.7142512     vdWaals  =         -112.4970701
Elec.    =          126.2775903     Egb      =         -996.9041826
TOTAL    =        -1387.5056257
