Bond     =           13.2305252     Angle    =           39.9712180
Dihedral =          167.9349083     1-4 vdW  =           52.2235181
1-4 Elec =         -868.9430797     vdWaals  =         -105.2399295
Elec.    =          245.6683072     Egb      =        -1040.1523461
TOTAL    =        -1495.3068786
