Bond     =           13.0078872     Angle    =           37.4094256
Dihedral =          167.0405500     1-4 vdW  =           49.8603275
1-4 Elec =         -706.8322763     vdWaals  =         -112.5028883
Elec.    =          209.7048541     Egb      =        -1056.4892456
TOTAL    =        -1398.8013658
