Bond     =           11.6535662     Angle    =           37.4298112
Dihedral =          168.1371243     1-4 vdW  =           53.2934818
1-4 Elec =         -653.5092217     vdWaals  =         -108.9608705
Elec.    =           80.7845573     Egb      =         -972.0351407
TOTAL    =        -1383.2066921
