Bond     =           12.3465188     Angle    =           36.5832030
Dihedral =          168.7404813     1-4 vdW  =           49.9891156
1-4 Elec =         -706.6418762     vdWaals  =         -112.0613057
Elec.    =          275.8591564     Egb      =        -1117.0968759
TOTAL    =        -1392.2815826
