Bond     =           11.9775001     Angle    =           46.3349278
Dihedral =          175.0459627     1-4 vdW  =           50.4072909
1-4 Elec =         -517.6230569     vdWaals  =         -117.9128200
Elec.    =           51.4282145     Egb      =        -1009.8042093
TOTAL    =        -1310.1461903
