Bond     =           12.4373220     Angle    =           39.1502506
Dihedral =          151.9693593     1-4 vdW  =           51.6608711
1-4 Elec =         -713.3410836     vdWaals  =         -116.4254285
Elec.    =          214.7262306     Egb      =        -1059.2020150
TOTAL    =        -1419.0244934
