Bond     =           14.0522604     Angle    =           37.3257592
Dihedral =          153.1083304     1-4 vdW  =           49.1004185
1-4 Elec =         -870.7079581     vdWaals  =         -124.0266274
Elec.    =          345.2487240     Egb      =        -1114.9722740
TOTAL    =        -1510.8713671
