Bond     =           12.4035660     Angle    =           38.0394877
Dihedral =          153.6729227     1-4 vdW  =           51.5412452
1-4 Elec =         -713.3285815     vdWaals  =         -117.9820896
Elec.    =          205.9998471     Egb      =        -1048.8186003
TOTAL    =        -1418.4722027
