Bond     =           14.2444857     Angle    =           37.8123415
Dihedral =          167.6737653     1-4 vdW  =           53.0123855
1-4 Elec =        -1108.1080800     vdWaals  =         -102.7199421
Elec.    =          356.8111561     Egb      =        -1027.7704561
TOTAL    =        -1609.0443440
