Bond     =           11.5072625     Angle    =           39.3646148
Dihedral =          163.1493701     1-4 vdW  =           52.1483818
1-4 Elec =         -591.1259479     vdWaals  =         -109.6448902
Elec.    =           78.4611931     Egb      =         -998.7006153
TOTAL    =        -1354.8406310
