Bond     =           12.4434411     Angle    =           38.0686502
Dihedral =          161.9577902     1-4 vdW  =           51.6163806
1-4 Elec =         -705.6946681     vdWaals  =         -110.2294893
Elec.    =          178.8702851     Egb      =        -1031.9781922
TOTAL    =        -1404.9458025
