Bond     =           12.6806443     Angle    =           40.2246241
Dihedral =          167.5852122     1-4 vdW  =           53.4661648
1-4 Elec =         -829.5881529     vdWaals  =         -108.2990028
Elec.    =          215.0679364     Egb      =        -1011.0628723
TOTAL    =        -1459.9254462
