Bond     =           13.0865091     Angle    =           37.9182332
Dihedral =          150.6957408     1-4 vdW  =           50.3485362
1-4 Elec =         -829.6538974     vdWaals  =         -120.7444919
Elec.    =          300.7662456     Egb      =        -1075.0781799
TOTAL    =        -1472.6613042
