Bond     =           14.2880961     Angle    =           36.8735251
Dihedral =          161.0369783     1-4 vdW  =           49.0381439
1-4 Elec =         -926.9486181     vdWaals  =         -112.7760355
Elec.    =          384.9409957     Egb      =        -1123.6502455
TOTAL    =        -1517.1971600
