Bond     =           12.6907810     Angle    =           36.6899708
Dihedral =          157.6823937     1-4 vdW  =           50.2229721
1-4 Elec =         -651.9357918     vdWaals  =         -128.0508808
Elec.    =          287.7106969     Egb      =        -1148.1217911
TOTAL    =        -1383.1116492
