Bond     =           12.5889297     Angle    =           34.7008400
Dihedral =          172.5652213     1-4 vdW  =           52.5479178
1-4 Elec =         -837.5942824     vdWaals  =          -99.6253858
Elec.    =          181.1793531     Egb      =         -957.7695218
TOTAL    =        -1441.4069281
