Bond     =           11.2665427     Angle    =           37.6104759
Dihedral =          159.8095770     1-4 vdW  =           50.9444414
1-4 Elec =         -533.3809147     vdWaals  =         -115.4980005
Elec.    =          105.2997268     Egb      =        -1044.1678724
TOTAL    =        -1328.1160237
