Bond     =           14.2779652     Angle    =           37.1981280
Dihedral =          161.3261221     1-4 vdW  =           50.7225101
1-4 Elec =         -885.0389465     vdWaals  =         -111.4749232
Elec.    =          273.7534553     Egb      =        -1033.0920400
TOTAL    =        -1492.3277289
