Bond     =           12.2047115     Angle    =           38.4708144
Dihedral =          154.3891116     1-4 vdW  =           51.4547469
1-4 Elec =         -640.0134490     vdWaals  =         -125.8320634
Elec.    =          160.0341097     Egb      =        -1059.0897504
TOTAL    =        -1408.3817687
