Bond     =           13.1357521     Angle    =           35.5934329
Dihedral =          171.6370936     1-4 vdW  =           51.4000814
1-4 Elec =         -855.6645082     vdWaals  =          -92.0936076
Elec.    =          307.4010197     Egb      =        -1049.5427454
TOTAL    =        -1418.1334815
