Bond     =           13.5557822     Angle    =           39.6575480
Dihedral =          183.5085315     1-4 vdW  =           52.3159126
1-4 Elec =         -847.9117986     vdWaals  =          -98.6605232
Elec.    =          187.2079216     Egb      =         -928.3834918
TOTAL    =        -1398.7101178
