Bond     =           10.9136616     Angle    =           38.7799512
Dihedral =          173.0730052     1-4 vdW  =           50.4972459
1-4 Elec =         -426.1935734     vdWaals  =         -117.5934417
Elec.    =           98.8568623     Egb      =        -1064.9533908
TOTAL    =        -1236.6196797
