Bond     =           11.5161811     Angle    =           39.0700374
Dihedral =          162.9745433     1-4 vdW  =           52.1255003
1-4 Elec =         -591.7623433     vdWaals  =         -110.1334443
Elec.    =           86.0521736     Egb      =        -1006.1580260
TOTAL    =        -1356.3153779
