Bond     =           14.1157927     Angle    =           37.3615648
Dihedral =          159.4997865     1-4 vdW  =           52.0580270
1-4 Elec =        -1064.2106191     vdWaals  =         -106.1117878
Elec.    =          387.9291530     Egb      =        -1050.6088369
TOTAL    =        -1569.9669199
