Bond     =           14.5862350     Angle    =           36.6523827
Dihedral =          164.4712779     1-4 vdW  =           51.2147591
1-4 Elec =        -1160.6825381     vdWaals  =         -100.9146764
Elec.    =          371.1997779     Egb      =        -1009.8917684
TOTAL    =        -1633.3645503
