Bond     =           14.2446475     Angle    =           37.1305216
Dihedral =          168.0202124     1-4 vdW  =           51.2672134
1-4 Elec =         -985.2252720     vdWaals  =         -110.6307201
Elec.    =          308.4174252     Egb      =        -1032.5764077
TOTAL    =        -1549.3523797
