Bond     =           13.4284161     Angle    =           36.1572214
Dihedral =          149.1354436     1-4 vdW  =           48.7459811
1-4 Elec =         -780.8339851     vdWaals  =         -118.3061779
Elec.    =          343.5442196     Egb      =        -1110.8518956
TOTAL    =        -1418.9807768
