Bond     =           13.3567451     Angle    =           37.4770476
Dihedral =          182.5433379     1-4 vdW  =           53.0965727
1-4 Elec =         -928.4555790     vdWaals  =         -104.4177246
Elec.    =          252.3043525     Egb      =        -1020.4404372
TOTAL    =        -1514.5356851
