Bond     =           12.1341761     Angle    =           36.4668472
Dihedral =          160.9482277     1-4 vdW  =           51.7032385
1-4 Elec =         -679.9825462     vdWaals  =         -105.5595759
Elec.    =          164.6865017     Egb      =         -994.2338292
TOTAL    =        -1353.8369601
