Bond     =           12.9592222     Angle    =           37.0093322
Dihedral =          166.9120443     1-4 vdW  =           49.9913359
1-4 Elec =         -811.2806331     vdWaals  =         -118.9387731
Elec.    =          179.5758214     Egb      =         -989.4060218
TOTAL    =        -1473.1776721
