Bond     =           12.3345144     Angle    =           37.4591048
Dihedral =          170.3864412     1-4 vdW  =           51.5649271
1-4 Elec =         -596.5967743     vdWaals  =         -130.3065168
Elec.    =           72.6482785     Egb      =         -990.0028457
TOTAL    =        -1372.5128708
