Bond     =           12.0155577     Angle    =           37.6119643
Dihedral =          163.1140205     1-4 vdW  =           50.2181021
1-4 Elec =         -538.3026670     vdWaals  =         -128.2008631
Elec.    =          168.7678185     Egb      =        -1097.5765540
TOTAL    =        -1332.3526210
