Bond     =           12.5800048     Angle    =           33.4941080
Dihedral =          185.1816070     1-4 vdW  =           52.4459777
1-4 Elec =         -827.2087117     vdWaals  =          -91.9114490
Elec.    =          196.4720122     Egb      =        -1004.7022377
TOTAL    =        -1443.6486886
