Bond     =           13.2096632     Angle    =           35.7968252
Dihedral =          161.8982601     1-4 vdW  =           51.2828177
1-4 Elec =         -889.0038891     vdWaals  =         -112.4425047
Elec.    =          280.0611547     Egb      =        -1031.3018069
TOTAL    =        -1490.4994798
