Bond     =           14.0767936     Angle    =           38.9947506
Dihedral =          158.8873326     1-4 vdW  =           52.8240219
1-4 Elec =        -1050.2794671     vdWaals  =         -110.8872171
Elec.    =          364.4022904     Egb      =        -1058.3856645
TOTAL    =        -1590.3671596
