Bond     =           12.3673752     Angle    =           36.7647211
Dihedral =          150.1685697     1-4 vdW  =           49.1813394
1-4 Elec =         -665.5288934     vdWaals  =         -122.1638531
Elec.    =          235.6558174     Egb      =        -1071.5553262
TOTAL    =        -1375.1102499
