Bond     =           12.3838834     Angle    =           36.7544671
Dihedral =          149.2743287     1-4 vdW  =           49.1773824
1-4 Elec =         -665.6021314     vdWaals  =         -117.7940242
Elec.    =          246.6144924     Egb      =        -1082.8287326
TOTAL    =        -1372.0203342
