Bond     =           13.0057323     Angle    =           36.1153035
Dihedral =          179.7235295     1-4 vdW  =           51.9781109
1-4 Elec =         -868.1169343     vdWaals  =         -108.9519983
Elec.    =          230.4696436     Egb      =        -1024.7380503
TOTAL    =        -1490.5146633
