Bond     =           13.3274167     Angle    =           37.3571235
Dihedral =          165.9601781     1-4 vdW  =           49.8085279
1-4 Elec =         -818.0517644     vdWaals  =         -102.1479750
Elec.    =          353.1831623     Egb      =        -1163.3595115
TOTAL    =        -1463.9228424
