Bond     =           12.1595181     Angle    =           38.9270373
Dihedral =          164.9002177     1-4 vdW  =           49.4491679
1-4 Elec =         -648.1067901     vdWaals  =         -119.4938787
Elec.    =          220.2226533     Egb      =        -1085.4216460
TOTAL    =        -1367.3637205
