Bond     =           12.1857507     Angle    =           39.8458718
Dihedral =          170.7700242     1-4 vdW  =           53.6068363
1-4 Elec =         -725.4638547     vdWaals  =         -107.9942911
Elec.    =          141.1874058     Egb      =         -973.5153793
TOTAL    =        -1389.3776361
