Bond     =           12.3782508     Angle    =           37.1171530
Dihedral =          149.1295199     1-4 vdW  =           49.0267101
1-4 Elec =         -664.9095482     vdWaals  =         -118.1948965
Elec.    =          245.3379502     Egb      =        -1083.9973821
TOTAL    =        -1374.1122427
