Bond     =           13.8905811     Angle    =           38.0293187
Dihedral =          151.0194134     1-4 vdW  =           51.2350429
1-4 Elec =         -932.4203354     vdWaals  =         -117.8171974
Elec.    =          343.0935065     Egb      =        -1082.7134449
TOTAL    =        -1535.6831151
