Bond     =           12.6883253     Angle    =           38.1879851
Dihedral =          156.7862697     1-4 vdW  =           49.1348298
1-4 Elec =         -656.9821805     vdWaals  =         -122.5934018
Elec.    =          284.7345834     Egb      =        -1148.2660181
TOTAL    =        -1386.3096070
