Bond     =           12.0341459     Angle    =           41.0524052
Dihedral =          171.2764893     1-4 vdW  =           54.2692609
1-4 Elec =         -712.8613218     vdWaals  =         -110.2189762
Elec.    =          101.0903959     Egb      =         -965.8453174
TOTAL    =        -1409.2029184
