Bond     =           11.6173767     Angle    =           38.0735157
Dihedral =          170.1292027     1-4 vdW  =           49.8180027
1-4 Elec =         -542.6546580     vdWaals  =         -119.3863444
Elec.    =          181.9520341     Egb      =        -1079.4617178
TOTAL    =        -1289.9125883
