Bond     =           13.2057143     Angle    =           38.2375816
Dihedral =          168.6516164     1-4 vdW  =           52.8825417
1-4 Elec =         -931.2726272     vdWaals  =         -107.4841893
Elec.    =          303.5829519     Egb      =        -1063.5544751
TOTAL    =        -1525.7508856
