Bond     =           13.1847413     Angle    =           37.8781025
Dihedral =          149.9680226     1-4 vdW  =           50.6927238
1-4 Elec =         -829.3303301     vdWaals  =         -118.7874633
Elec.    =          306.1805837     Egb      =        -1081.3109458
TOTAL    =        -1471.5245654
