Bond     =           12.8422787     Angle    =           35.1386912
Dihedral =          178.8268158     1-4 vdW  =           53.5258850
1-4 Elec =         -901.5231091     vdWaals  =         -102.0591350
Elec.    =          201.5129823     Egb      =         -947.4945082
TOTAL    =        -1469.2300993
