Bond     =           18.6435640     Angle    =           37.4888191
Dihedral =          168.0425432     1-4 vdW  =           48.6277886
1-4 Elec =         -831.7993562     vdWaals  =          -97.5776746
Elec.    =          364.3475241     Egb      =        -1145.0352259
TOTAL    =        -1437.2620176
