Bond     =           13.8208339     Angle    =           36.6046309
Dihedral =          163.1633444     1-4 vdW  =           52.7051419
1-4 Elec =        -1018.2256865     vdWaals  =         -102.7003743
Elec.    =          324.8496675     Egb      =        -1002.4751826
TOTAL    =        -1532.2576250
