Bond     =           13.1246598     Angle    =           36.6922428
Dihedral =          171.8672916     1-4 vdW  =           51.3322543
1-4 Elec =         -870.5690115     vdWaals  =         -114.1154262
Elec.    =          199.7440686     Egb      =         -985.0199894
TOTAL    =        -1496.9439099
