Bond     =           12.3700979     Angle    =           33.4069086
Dihedral =          184.0384723     1-4 vdW  =           51.1752585
1-4 Elec =         -768.9436939     vdWaals  =          -88.4992153
Elec.    =          161.4833924     Egb      =         -995.0061836
TOTAL    =        -1409.9749632
