Bond     =           13.9000200     Angle    =           37.4480516
Dihedral =          156.1288499     1-4 vdW  =           51.7796578
1-4 Elec =         -991.0712185     vdWaals  =         -116.6064770
Elec.    =          324.4595153     Egb      =        -1042.6484572
TOTAL    =        -1566.6100581
