Bond     =           12.3167780     Angle    =           38.1090951
Dihedral =          154.1798801     1-4 vdW  =           51.4903551
1-4 Elec =         -713.2210784     vdWaals  =         -120.4171569
Elec.    =          207.1720423     Egb      =        -1051.8420686
TOTAL    =        -1422.2121532
