Bond     =           15.1362355     Angle    =           37.9967061
Dihedral =          162.6002604     1-4 vdW  =           50.0300968
1-4 Elec =         -986.8085144     vdWaals  =         -111.9930234
Elec.    =          376.2237094     Egb      =        -1089.9059004
TOTAL    =        -1546.7204300
