Bond     =           12.7432975     Angle    =           37.1667899
Dihedral =          161.3256842     1-4 vdW  =           52.0174664
1-4 Elec =         -783.3956613     vdWaals  =         -102.5396905
Elec.    =          198.3154661     Egb      =         -995.2689017
TOTAL    =        -1419.6355494
