Bond     =           12.9665896     Angle    =           36.6702373
Dihedral =          155.5820968     1-4 vdW  =           51.0314904
1-4 Elec =         -796.3520444     vdWaals  =         -102.3552847
Elec.    =          268.6291555     Egb      =        -1030.5755300
TOTAL    =        -1404.4032896
