Bond     =           12.9386585     Angle    =           36.1655361
Dihedral =          161.3521420     1-4 vdW  =           52.0622780
1-4 Elec =         -784.1013868     vdWaals  =         -105.1922965
Elec.    =          191.7364104     Egb      =         -985.9078194
TOTAL    =        -1420.9464776
