Bond     =           13.7931270     Angle    =           37.6792344
Dihedral =          157.1771376     1-4 vdW  =           52.3311879
1-4 Elec =         -958.8018239     vdWaals  =         -106.3337297
Elec.    =          315.5698860     Egb      =        -1017.3345041
TOTAL    =        -1505.9194847
