Bond     =           12.8172562     Angle    =           37.4975342
Dihedral =          177.5455891     1-4 vdW  =           50.9380377
1-4 Elec =         -678.5105736     vdWaals  =         -108.9219434
Elec.    =          176.6633874     Egb      =        -1000.6799029
TOTAL    =        -1332.6506152
