Bond     =           12.1935363     Angle    =           37.4580149
Dihedral =          168.6446348     1-4 vdW  =           52.5179408
1-4 Elec =         -691.8095322     vdWaals  =         -115.9763810
Elec.    =          144.9441618     Egb      =        -1031.0428291
TOTAL    =        -1423.0704536
