Bond     =           13.2966624     Angle    =           37.4340626
Dihedral =          155.9590596     1-4 vdW  =           51.4546078
1-4 Elec =         -886.4300165     vdWaals  =         -122.1141976
Elec.    =          332.9077759     Egb      =        -1085.4026270
TOTAL    =        -1502.8946728
