Bond     =           13.4151706     Angle    =           35.6862119
Dihedral =          178.2791434     1-4 vdW  =           52.3497569
1-4 Elec =         -839.7857709     vdWaals  =          -98.2179566
Elec.    =          225.2977312     Egb      =        -1001.0643961
TOTAL    =        -1434.0401095
