Bond     =           12.6447627     Angle    =           36.5270488
Dihedral =          172.9318343     1-4 vdW  =           52.8630900
1-4 Elec =         -696.1865355     vdWaals  =         -135.4389185
Elec.    =          144.7728215     Egb      =        -1025.9129756
TOTAL    =        -1437.7988722
