Bond     =           12.9179945     Angle    =           32.6685523
Dihedral =          176.4106253     1-4 vdW  =           51.4600190
1-4 Elec =         -851.4976516     vdWaals  =          -98.2948229
Elec.    =          227.8015005     Egb      =         -971.1459337
TOTAL    =        -1419.6797165
