Bond     =           11.6600211     Angle    =           38.4583966
Dihedral =          170.9288890     1-4 vdW  =           51.3405895
1-4 Elec =         -610.3976689     vdWaals  =         -114.4571295
Elec.    =          149.1719532     Egb      =        -1020.6865364
TOTAL    =        -1323.9814853
