Bond     =           12.8559898     Angle    =           37.4882498
Dihedral =          174.6205743     1-4 vdW  =           52.1639199
1-4 Elec =         -837.7770686     vdWaals  =         -102.5524569
Elec.    =          248.0055191     Egb      =        -1020.2232877
TOTAL    =        -1435.4185603
