Bond     =           11.9430194     Angle    =           38.9992172
Dihedral =          176.3324882     1-4 vdW  =           51.3794028
1-4 Elec =         -678.0767868     vdWaals  =         -109.8814786
Elec.    =          209.6290439     Egb      =        -1026.8396031
TOTAL    =        -1326.5146970
