Bond     =           11.7031618     Angle    =           39.6235266
Dihedral =          177.4497654     1-4 vdW  =           52.4785128
1-4 Elec =         -665.7864739     vdWaals  =         -115.7663412
Elec.    =          166.2086864     Egb      =        -1011.2889574
TOTAL    =        -1345.3781195
