Bond     =           11.8207924     Angle    =           40.0920994
Dihedral =          176.8449507     1-4 vdW  =           52.4149004
1-4 Elec =         -666.8542628     vdWaals  =         -110.7832102
Elec.    =          199.8553442     Egb      =        -1046.1773981
TOTAL    =        -1342.7867839
