Bond     =           13.2897928     Angle    =           36.8922479
Dihedral =          169.6867015     1-4 vdW  =           52.0943731
1-4 Elec =         -812.4202726     vdWaals  =         -140.2796444
Elec.    =          213.3381238     Egb      =        -1027.0966084
TOTAL    =        -1494.4952864
