Bond     =           13.2002757     Angle    =           40.2102565
Dihedral =          158.8489312     1-4 vdW  =           53.0323841
1-4 Elec =         -873.1460692     vdWaals  =         -112.5432451
Elec.    =          282.1707984     Egb      =        -1068.3719279
TOTAL    =        -1506.5985963
