Bond     =           13.0179506     Angle    =           37.8324531
Dihedral =          150.2425544     1-4 vdW  =           50.5581665
1-4 Elec =         -828.1663530     vdWaals  =         -121.2432146
Elec.    =          310.9286717     Egb      =        -1088.0221813
TOTAL    =        -1474.8519524
