Bond     =           13.0024072     Angle    =           38.7137170
Dihedral =          167.8879671     1-4 vdW  =           53.2455997
1-4 Elec =         -869.8666550     vdWaals  =         -109.7442318
Elec.    =          223.6773352     Egb      =        -1014.9918340
TOTAL    =        -1498.0756947
