Bond     =            9.9856279     Angle    =           29.9585534
Dihedral =          131.7535998     1-4 vdW  =           34.0167193
1-4 Elec =         -552.9809369     vdWaals  =          -41.6607582
Elec.    =           85.5845924     Egb      =         -619.0571991
TOTAL    =         -922.3998013
