Bond     =            6.2752429     Angle    =           25.6286570
Dihedral =          107.4790975     1-4 vdW  =           30.8041229
1-4 Elec =          -92.0213482     vdWaals  =          -43.8217820
Elec.    =         -216.3782744     Egb      =         -400.0397848
TOTAL    =         -582.0740691
