Bond     =           13.6218364     Angle    =           38.4356504
Dihedral =          168.0921619     1-4 vdW  =           51.6035557
1-4 Elec =         -805.2891315     vdWaals  =          -99.1325855
Elec.    =          148.2197206     Egb      =         -974.7116438
TOTAL    =        -1459.1604359
