Bond     =           15.9174984     Angle    =           49.0235523
Dihedral =          151.4502617     1-4 vdW  =           41.1797846
1-4 Elec =         -677.5470289     vdWaals  =          -72.8278908
Elec.    =          137.3595736     Egb      =         -818.2418119
TOTAL    =        -1173.6860611
