Bond     =           20.4520639     Angle    =           31.0851797
Dihedral =          102.3455775     1-4 vdW  =           27.1040977
1-4 Elec =         -511.3280928     vdWaals  =          -35.1651430
Elec.    =           79.7734267     Egb      =         -455.5600095
TOTAL    =         -741.2928997
