Bond     =           14.8647421     Angle    =           42.2832348
Dihedral =          150.3703107     1-4 vdW  =           45.2871420
1-4 Elec =         -891.7736545     vdWaals  =          -80.8181549
Elec.    =          168.9803489     Egb      =         -765.6583541
TOTAL    =        -1316.4643850
