Bond     =           12.0360691     Angle    =           37.5354917
Dihedral =          154.4009419     1-4 vdW  =           45.7807402
1-4 Elec =         -613.6600386     vdWaals  =          -81.5086332
Elec.    =          101.2869734     Egb      =         -824.2371047
TOTAL    =        -1168.3655604
