Bond     =           11.0384717     Angle    =           37.0822853
Dihedral =          164.5300149     1-4 vdW  =           45.2189823
1-4 Elec =         -515.5548565     vdWaals  =          -72.8035877
Elec.    =           30.8278723     Egb      =         -787.1191206
TOTAL    =        -1086.7799383
