Bond     =           14.9538913     Angle    =           44.7024233
Dihedral =          160.9772896     1-4 vdW  =           45.8475113
1-4 Elec =         -797.3900314     vdWaals  =          -65.3976254
Elec.    =          136.6366104     Egb      =         -764.4284768
TOTAL    =        -1224.0984077
