Bond     =           13.5299580     Angle    =           43.2850983
Dihedral =          130.8487233     1-4 vdW  =           34.3141762
1-4 Elec =         -532.2175317     vdWaals  =          -51.5297471
Elec.    =           34.7411269     Egb      =         -604.8049541
TOTAL    =         -931.8331501
