Bond     =           12.6567516     Angle    =           34.5262795
Dihedral =          116.3692550     1-4 vdW  =           33.1965946
1-4 Elec =         -577.2074474     vdWaals  =          -48.8172744
Elec.    =           66.7883962     Egb      =         -624.7067293
TOTAL    =         -987.1941743
