Bond     =           12.2780373     Angle    =           41.0703417
Dihedral =          140.7573089     1-4 vdW  =           41.0692486
1-4 Elec =         -518.9941324     vdWaals  =          -82.5489186
Elec.    =           90.6573775     Egb      =         -824.2069474
TOTAL    =        -1099.9176843
