Bond     =           12.9956537     Angle    =           33.9326927
Dihedral =          125.6938882     1-4 vdW  =           35.2885958
1-4 Elec =         -536.8738892     vdWaals  =          -55.2026276
Elec.    =           45.3185270     Egb      =         -613.9899556
TOTAL    =         -952.8371150
