Bond     =            9.6738052     Angle    =           31.9963104
Dihedral =          157.6127793     1-4 vdW  =           44.0127557
1-4 Elec =         -351.9361006     vdWaals  =          -65.1201338
Elec.    =          -34.0647351     Egb      =         -784.9328770
TOTAL    =         -992.7581960
