Bond     =           13.2172325     Angle    =           37.2223534
Dihedral =          160.6075810     1-4 vdW  =           49.8483585
1-4 Elec =         -749.5430372     vdWaals  =          -91.3097530
Elec.    =          183.9837504     Egb      =        -1031.6854173
TOTAL    =        -1427.6589317
