Bond     =           12.1513227     Angle    =           33.3446884
Dihedral =          167.0529059     1-4 vdW  =           49.6372105
1-4 Elec =         -621.8607196     vdWaals  =         -103.3822417
Elec.    =          149.5009152     Egb      =        -1000.4140044
TOTAL    =        -1313.9699230
