Bond     =           12.1211456     Angle    =           34.1049029
Dihedral =          127.0364342     1-4 vdW  =           35.6298048
1-4 Elec =         -657.4088876     vdWaals  =          -53.6538932
Elec.    =          171.0696345     Egb      =         -657.5454404
TOTAL    =         -988.6462993
