Bond     =            9.5174796     Angle    =           30.0432350
Dihedral =          144.3250145     1-4 vdW  =           43.3198456
1-4 Elec =         -293.1287490     vdWaals  =          -77.6376362
Elec.    =          -92.5248364     Egb      =         -753.5550495
TOTAL    =         -989.6406964
