Bond     =           38.7321790     Angle    =          109.2640205
Dihedral =          486.6214763     1-4 vdW  =          140.1868503
1-4 Elec =        -2798.7555965     vdWaals  =         -319.5392124
Elec.    =         2611.7036368     Egb      =        -4677.1463406
TOTAL    =        -4408.9329867
