Bond     =           33.5608310     Angle    =           97.6867842
Dihedral =          417.2628051     1-4 vdW  =          126.5912792
1-4 Elec =        -2125.6385930     vdWaals  =         -334.6196045
Elec.    =         1833.5265187     Egb      =        -3900.2056848
TOTAL    =        -3851.8356642
