Bond     =           28.1246494     Angle    =           82.7231898
Dihedral =          374.8697018     1-4 vdW  =          110.2656617
1-4 Elec =        -1789.2904651     vdWaals  =         -262.1039456
Elec.    =         1349.6557819     Egb      =        -3197.6077813
TOTAL    =        -3303.3632072
