Bond     =           68.1707502     Angle    =          212.2053972
Dihedral =         1045.7508453     1-4 vdW  =          288.9921924
1-4 Elec =        -4301.8691876     vdWaals  =         -688.5206730
Elec.    =         8298.3021836     Egb      =       -13067.8810544
TOTAL    =        -8144.8495463
