Bond     =           40.7982263     Angle    =          124.3691738
Dihedral =          593.5401763     1-4 vdW  =          171.6942967
1-4 Elec =        -2529.2189188     vdWaals  =         -424.7311469
Elec.    =         3546.8789450     Egb      =        -6402.0314239
TOTAL    =        -4878.7006716
