Bond     =           39.7190784     Angle    =          128.8240724
Dihedral =          510.6987951     1-4 vdW  =          150.0852659
1-4 Elec =        -2340.2078280     vdWaals  =         -338.1043737
Elec.    =         2496.5346353     Egb      =        -4996.0147952
TOTAL    =        -4348.4651498
