Bond     =           25.4712958     Angle    =           86.2023137
Dihedral =          435.8622684     1-4 vdW  =          127.1612343
1-4 Elec =        -1285.6265072     vdWaals  =         -295.8565140
Elec.    =         1613.5092484     Egb      =        -3973.2881009
TOTAL    =        -3266.5647615
