Bond     =           28.5044583     Angle    =           92.7031599
Dihedral =          420.3831170     1-4 vdW  =          120.3575750
1-4 Elec =        -1230.8834801     vdWaals  =         -249.8759872
Elec.    =         1309.9925041     Egb      =        -3562.1891461
TOTAL    =        -3071.0077991
