Bond     =           26.8049940     Angle    =           73.3194170
Dihedral =          349.4480669     1-4 vdW  =          102.4164240
1-4 Elec =        -1795.9274646     vdWaals  =         -257.7649009
Elec.    =         1354.6473009     Egb      =        -2946.7976599
TOTAL    =        -3093.8538225
