Bond     =           78.2417449     Angle    =          278.1211813
Dihedral =         1130.4376310     1-4 vdW  =          334.1179315
1-4 Elec =        -5174.1749998     vdWaals  =         -873.9425243
Elec.    =        11720.1810340     Egb      =       -17085.0286423
TOTAL    =        -9592.0466438
