Bond     =           76.6840001     Angle    =          252.1718085
Dihedral =         1125.9429605     1-4 vdW  =          334.9795158
1-4 Elec =        -5164.0289273     vdWaals  =         -912.3155420
Elec.    =        12042.7438266     Egb      =       -17367.3959086
TOTAL    =        -9611.2182663
