Bond     =           57.2976281     Angle    =          135.3310724
Dihedral =          457.1848824     1-4 vdW  =          114.8879582
1-4 Elec =        -2001.5192337     vdWaals  =         -233.0340043
Elec.    =         1814.7985216     Egb      =        -3691.9330332
TOTAL    =        -3346.9862085
