Bond     =           35.4342255     Angle    =          111.7796907
Dihedral =          538.4128030     1-4 vdW  =          157.8143855
1-4 Elec =        -2186.2336907     vdWaals  =         -415.3958266
Elec.    =         3046.3520251     Egb      =        -5743.6879194
TOTAL    =        -4455.5243068
