Bond     =            4.2120940     Angle    =           11.0554280
Dihedral =           50.1314921     1-4 vdW  =           14.6485948
1-4 Elec =         -217.4909681     vdWaals  =          -13.4944537
Elec.    =          -37.3117275     Egb      =         -118.1170572
TOTAL    =         -306.3665976
