Bond     =           66.5579173     Angle    =          187.6024251
Dihedral =          952.2756748     1-4 vdW  =          271.4297462
1-4 Elec =        -4409.4472539     vdWaals  =         -677.0969404
Elec.    =         8976.7024141     Egb      =       -13409.9733430
TOTAL    =        -8041.9493597
