Bond     =           57.0131484     Angle    =          153.7770007
Dihedral =          735.5845123     1-4 vdW  =          220.6328972
1-4 Elec =        -3774.5685827     vdWaals  =         -552.2587804
Elec.    =         6457.6124345     Egb      =        -9840.7376826
TOTAL    =        -6542.9450525
