Bond     =           57.3199800     Angle    =          154.6463952
Dihedral =          789.5661053     1-4 vdW  =          223.1033372
1-4 Elec =        -3821.1820535     vdWaals  =         -569.0507447
Elec.    =         6481.2503812     Egb      =       -10021.4519274
TOTAL    =        -6705.7985267
