Bond     =           54.3370234     Angle    =          152.1790776
Dihedral =          742.0227233     1-4 vdW  =          217.5384617
1-4 Elec =        -3802.5548503     vdWaals  =         -567.4034273
Elec.    =         6300.2171845     Egb      =        -9653.9811406
TOTAL    =        -6557.6449476
