Bond     =           41.7418437     Angle    =          120.4355765
Dihedral =          646.1642023     1-4 vdW  =          190.2916034
1-4 Elec =        -2758.5511770     vdWaals  =         -446.4010415
Elec.    =         4285.4201216     Egb      =        -7412.0959988
TOTAL    =        -5332.9948698
