Bond     =           23.7312380     Angle    =           74.1599764
Dihedral =          340.9128199     1-4 vdW  =           96.9421825
1-4 Elec =        -1513.2712105     vdWaals  =         -237.4803763
Elec.    =          881.7949335     Egb      =        -2489.7438144
TOTAL    =        -2822.9542508
