Bond     =           51.2578386     Angle    =          149.6586177
Dihedral =          685.5768029     1-4 vdW  =          198.7363061
1-4 Elec =        -3419.5442198     vdWaals  =         -463.7525836
Elec.    =         5194.3457367     Egb      =        -8376.8055624
TOTAL    =        -5980.5270638
