Bond     =           50.2071564     Angle    =          144.4839156
Dihedral =          693.3162801     1-4 vdW  =          198.6957300
1-4 Elec =        -3250.4571122     vdWaals  =         -465.7964077
Elec.    =         5283.8681633     Egb      =        -8505.4181872
TOTAL    =        -5851.1004617
