Bond     =           50.1210192     Angle    =          156.1166458
Dihedral =          674.2039374     1-4 vdW  =          201.3513974
1-4 Elec =        -3421.0115594     vdWaals  =         -473.8810199
Elec.    =         5369.7309551     Egb      =        -8532.9596495
TOTAL    =        -5976.3282738
