Bond     =           52.4789606     Angle    =          143.6444728
Dihedral =          686.7082102     1-4 vdW  =          200.3062905
1-4 Elec =        -3246.8964861     vdWaals  =         -487.6521139
Elec.    =         5528.3712376     Egb      =        -8739.7693642
TOTAL    =        -5862.8087925
