Bond     =           50.6925927     Angle    =          155.0135932
Dihedral =          687.7501709     1-4 vdW  =          197.4672402
1-4 Elec =        -3419.0112125     vdWaals  =         -456.0770501
Elec.    =         5252.1740338     Egb      =        -8424.0623605
TOTAL    =        -5956.0529923
