Bond     =           50.7022748     Angle    =          147.6477564
Dihedral =          697.9914232     1-4 vdW  =          201.7129201
1-4 Elec =        -3259.8073348     vdWaals  =         -483.6336123
Elec.    =         5284.2090813     Egb      =        -8487.8676583
TOTAL    =        -5849.0451495
