Bond     =           51.1734170     Angle    =          163.5613464
Dihedral =          680.7207399     1-4 vdW  =          200.7369981
1-4 Elec =        -3419.7724490     vdWaals  =         -455.7904114
Elec.    =         5428.7477885     Egb      =        -8572.9126202
TOTAL    =        -5923.5351907
