Bond     =           50.3974366     Angle    =          147.2453456
Dihedral =          690.4604657     1-4 vdW  =          200.0836626
1-4 Elec =        -3234.3617455     vdWaals  =         -485.6046310
Elec.    =         5401.4749792     Egb      =        -8632.0427057
TOTAL    =        -5862.3471926
