Bond     =           27.5134201     Angle    =           78.1063079
Dihedral =          353.9092777     1-4 vdW  =          103.1487983
1-4 Elec =        -1605.4559198     vdWaals  =         -257.9017520
Elec.    =         1125.7875692     Egb      =        -2850.5765579
TOTAL    =        -3025.4688566
