Bond     =           38.8267137     Angle    =          112.0439324
Dihedral =          561.6944443     1-4 vdW  =          165.6081649
1-4 Elec =        -2509.8149961     vdWaals  =         -401.9115746
Elec.    =         2949.5218360     Egb      =        -5763.3635767
TOTAL    =        -4847.3950562
