Bond     =           24.4310025     Angle    =           72.2578279
Dihedral =          337.3619546     1-4 vdW  =          105.5665344
1-4 Elec =        -1591.2620508     vdWaals  =         -287.5751791
Elec.    =         1203.0732438     Egb      =        -2944.0768810
TOTAL    =        -3080.2235476
