Bond     =           51.7086180     Angle    =          154.9194890
Dihedral =          676.9263256     1-4 vdW  =          202.2906859
1-4 Elec =        -3495.3017489     vdWaals  =         -524.7024653
Elec.    =         4750.0295584     Egb      =        -7940.6479760
TOTAL    =        -6124.7775133
