Bond     =           51.4598136     Angle    =          151.5385840
Dihedral =          684.5154258     1-4 vdW  =          200.3051441
1-4 Elec =        -3515.7522240     vdWaals  =         -530.0895442
Elec.    =         5590.9889073     Egb      =        -8720.7666393
TOTAL    =        -6087.8005326
