Bond     =           33.5276907     Angle    =           96.7368147
Dihedral =          506.4553428     1-4 vdW  =          150.8983912
1-4 Elec =        -2165.4295576     vdWaals  =         -383.2589920
Elec.    =         2691.4029440     Egb      =        -5190.2434863
TOTAL    =        -4259.9108525
