Bond     =           22.2422643     Angle    =           72.1222529
Dihedral =          322.0660379     1-4 vdW  =          101.0323767
1-4 Elec =        -1427.9950298     vdWaals  =         -253.1906175
Elec.    =         1038.0479725     Egb      =        -2640.7573153
TOTAL    =        -2766.4320582
