Bond     =           21.8362511     Angle    =           69.8116880
Dihedral =          316.7070600     1-4 vdW  =           98.0434865
1-4 Elec =        -1358.1582407     vdWaals  =         -253.7720296
Elec.    =          977.8154997     Egb      =        -2618.9196253
TOTAL    =        -2746.6359104
