Bond     =           20.9916774     Angle    =           68.8386954
Dihedral =          321.6616100     1-4 vdW  =           99.7780690
1-4 Elec =        -1259.9327302     vdWaals  =         -251.1482609
Elec.    =          932.5497274     Egb      =        -2607.6171831
TOTAL    =        -2674.8783951
