Bond     =           21.4029644     Angle    =           71.8226405
Dihedral =          315.1766779     1-4 vdW  =           99.4286195
1-4 Elec =        -1245.3252777     vdWaals  =         -252.2131193
Elec.    =          890.6328985     Egb      =        -2599.9609491
TOTAL    =        -2699.0355453
