Bond     =           21.2140999     Angle    =           68.4510343
Dihedral =          324.4369423     1-4 vdW  =          102.1350490
1-4 Elec =        -1420.4569600     vdWaals  =         -252.2545597
Elec.    =          989.4099501     Egb      =        -2599.0952084
TOTAL    =        -2766.1596524
