Bond     =           62.4326409     Angle    =          186.6857223
Dihedral =          788.0133685     1-4 vdW  =          225.6257666
1-4 Elec =        -4293.9349699     vdWaals  =         -566.0783111
Elec.    =         6219.9549968     Egb      =        -9527.9483824
TOTAL    =        -6905.2491683
