Bond     =           35.4758915     Angle    =          107.2594003
Dihedral =          461.0838130     1-4 vdW  =          143.3976953
1-4 Elec =        -2565.9786854     vdWaals  =         -350.9524783
Elec.    =         2501.4121229     Egb      =        -4693.3565207
TOTAL    =        -4361.6587614
