Bond     =           24.5744544     Angle    =           66.2807302
Dihedral =          328.6070157     1-4 vdW  =           97.0964616
1-4 Elec =        -1623.3392074     vdWaals  =         -235.7162206
Elec.    =          956.9759083     Egb      =        -2515.5944610
TOTAL    =        -2901.1153187
