Bond     =           23.5618801     Angle    =           72.9331881
Dihedral =          346.9622464     1-4 vdW  =           98.3825504
1-4 Elec =        -1512.3108516     vdWaals  =         -227.9730999
Elec.    =          927.6313245     Egb      =        -2520.9606903
TOTAL    =        -2791.7734524
