Bond     =           21.3984420     Angle    =           56.5055062
Dihedral =          261.0000173     1-4 vdW  =           72.2956359
1-4 Elec =        -1552.1873324     vdWaals  =         -162.5218537
Elec.    =          789.1460744     Egb      =        -1760.1837506
TOTAL    =        -2274.5472608
