Bond     =           40.9803070     Angle    =          140.5364140
Dihedral =          655.1635699     1-4 vdW  =          167.5903747
1-4 Elec =        -2642.3129525     vdWaals  =         -399.3303900
Elec.    =         3200.2832698     Egb      =        -5885.5672939
TOTAL    =        -4722.6567009
