Bond     =           41.6353638     Angle    =          155.7708363
Dihedral =          640.0494761     1-4 vdW  =          165.7298515
1-4 Elec =        -2649.3995464     vdWaals  =         -425.4334256
Elec.    =         3127.6929992     Egb      =        -5827.7942042
TOTAL    =        -4771.7486494
