Bond     =           23.0463290     Angle    =           77.8860720
Dihedral =          363.2563545     1-4 vdW  =          105.6293740
1-4 Elec =        -1284.3331319     vdWaals  =         -257.8783169
Elec.    =          905.4064671     Egb      =        -2780.7828250
TOTAL    =        -2847.7696771
