Bond     =           13.9759348     Angle    =           39.4185023
Dihedral =          206.6800992     1-4 vdW  =           57.6439989
1-4 Elec =         -926.6211572     vdWaals  =          -84.1730289
Elec.    =          369.2088565     Egb      =        -1279.7760747
TOTAL    =        -1603.6428690
