Bond     =           31.3006182     Angle    =           93.6401974
Dihedral =          470.5097690     1-4 vdW  =          131.2694488
1-4 Elec =        -1748.2503548     vdWaals  =         -300.1707493
Elec.    =         1499.3499641     Egb      =        -3734.0901801
TOTAL    =        -3556.4412868
