Bond     =           54.7013821     Angle    =          164.9149619
Dihedral =          795.3534077     1-4 vdW  =          229.3865182
1-4 Elec =        -3056.9207914     vdWaals  =         -546.1618446
Elec.    =         6579.0159627     Egb      =       -10626.6766340
TOTAL    =        -6406.3870374
