Bond     =           43.1803055     Angle    =          148.0881926
Dihedral =          591.5989246     1-4 vdW  =          161.6512018
1-4 Elec =        -2686.6928816     vdWaals  =         -398.5753698
Elec.    =         3462.8725317     Egb      =        -5864.5494553
TOTAL    =        -4542.4265506
