Bond     =           44.2201449     Angle    =          150.7345673
Dihedral =          550.2094017     1-4 vdW  =          156.0163585
1-4 Elec =        -2691.9522866     vdWaals  =         -385.4831356
Elec.    =         3181.5777038     Egb      =        -5604.5980307
TOTAL    =        -4599.2752767
