Bond     =           42.4802069     Angle    =          125.7406176
Dihedral =          600.8504075     1-4 vdW  =          174.0100236
1-4 Elec =        -2663.0880627     vdWaals  =         -425.3992800
Elec.    =         3585.0277270     Egb      =        -6471.2090546
TOTAL    =        -5031.5874146
