Bond     =           29.0017893     Angle    =           84.2897299
Dihedral =          378.6628876     1-4 vdW  =          119.7551215
1-4 Elec =        -1904.1970232     vdWaals  =         -322.9903229
Elec.    =         1730.1850334     Egb      =        -3668.6500068
TOTAL    =        -3553.9427911
