Bond     =           30.1173446     Angle    =           77.7424941
Dihedral =          469.4782636     1-4 vdW  =          122.5067885
1-4 Elec =        -2082.9759923     vdWaals  =         -249.6945623
Elec.    =         1421.7260250     Egb      =        -3299.8192282
TOTAL    =        -3510.9188671
