Bond     =           39.1087612     Angle    =          126.9021588
Dihedral =          545.0620112     1-4 vdW  =          169.6984764
1-4 Elec =        -2587.2870234     vdWaals  =         -435.0521970
Elec.    =         3184.5674003     Egb      =        -5939.6680802
TOTAL    =        -4896.6684927
