Bond     =           29.4467506     Angle    =           72.3854357
Dihedral =          472.2437556     1-4 vdW  =          122.0260573
1-4 Elec =        -2098.9348428     vdWaals  =         -222.7196603
Elec.    =         1439.2297117     Egb      =        -3305.1262314
TOTAL    =        -3491.4490235
