Bond     =           24.9240855     Angle    =           73.6900078
Dihedral =          338.9573790     1-4 vdW  =           98.5604192
1-4 Elec =        -1617.2051285     vdWaals  =         -244.3545665
Elec.    =          943.8390018     Egb      =        -2470.7794620
TOTAL    =        -2852.3682637
