Bond     =           39.8452112     Angle    =          115.2024555
Dihedral =          571.9019932     1-4 vdW  =          168.1771327
1-4 Elec =        -2390.8952886     vdWaals  =         -427.8529191
Elec.    =         3162.8930274     Egb      =        -5991.2680298
TOTAL    =        -4751.9964175
