Bond     =           24.2449794     Angle    =           76.8504381
Dihedral =          355.1246290     1-4 vdW  =          105.4596452
1-4 Elec =        -1356.6037270     vdWaals  =         -247.4323035
Elec.    =          938.4946807     Egb      =        -2834.1344628
TOTAL    =        -2937.9961209
