Bond     =           23.6517674     Angle    =           67.1186328
Dihedral =          350.1609065     1-4 vdW  =          102.9677922
1-4 Elec =        -1386.5947286     vdWaals  =         -238.1510834
Elec.    =         1005.9800931     Egb      =        -2820.7459276
TOTAL    =        -2895.6125475
