Bond     =           57.5392040     Angle    =          164.7561619
Dihedral =          818.3968161     1-4 vdW  =          242.3641274
1-4 Elec =        -4066.8360235     vdWaals  =         -551.5333359
Elec.    =         6570.1824809     Egb      =       -10480.0295168
TOTAL    =        -7245.1600860
