Bond     =           30.9132418     Angle    =           96.2496336
Dihedral =          451.2778882     1-4 vdW  =          126.1392271
1-4 Elec =        -1755.9562991     vdWaals  =         -284.2558524
Elec.    =         1455.6365495     Egb      =        -3687.7969167
TOTAL    =        -3567.7925282
