Bond     =           42.4452654     Angle    =          124.4448087
Dihedral =          600.5805007     1-4 vdW  =          188.2735942
1-4 Elec =        -3046.1912106     vdWaals  =         -473.5008521
Elec.    =         3766.3501364     Egb      =        -6663.8978138
TOTAL    =        -5461.4955711
