Bond     =           55.5740809     Angle    =          168.6835596
Dihedral =          730.5452494     1-4 vdW  =          225.6850784
1-4 Elec =        -3817.4379365     vdWaals  =         -584.6740589
Elec.    =         6040.6200314     Egb      =        -9615.6284480
TOTAL    =        -6796.6324438
