Bond     =           54.3233289     Angle    =          173.8665198
Dihedral =          698.8675924     1-4 vdW  =          221.2405195
1-4 Elec =        -3953.0021586     vdWaals  =         -608.4743903
Elec.    =         6116.9595088     Egb      =        -9466.5563345
TOTAL    =        -6762.7754140
