Bond     =           43.3984280     Angle    =          139.8091417
Dihedral =          625.0357062     1-4 vdW  =          182.0201458
1-4 Elec =        -2599.9682613     vdWaals  =         -426.4108496
Elec.    =         3591.8144131     Egb      =        -6638.9504496
TOTAL    =        -5083.2517258
