Bond     =           72.3134382     Angle    =          221.5273978
Dihedral =          917.2687585     1-4 vdW  =          278.7180474
1-4 Elec =        -4792.2729094     vdWaals  =         -730.2118830
Elec.    =         8778.3950024     Egb      =       -13316.2097450
TOTAL    =        -8570.4718930
