Bond     =           45.6887826     Angle    =          127.9900245
Dihedral =          620.6911559     1-4 vdW  =          187.3614627
1-4 Elec =        -2883.4073711     vdWaals  =         -466.2019009
Elec.    =         4229.3183777     Egb      =        -7299.9028928
TOTAL    =        -5438.4623615
