Bond     =           35.0370424     Angle    =          103.1313449
Dihedral =          491.7259475     1-4 vdW  =          148.0587645
1-4 Elec =        -2155.5492317     vdWaals  =         -372.9613163
Elec.    =         2441.5143518     Egb      =        -4997.7075835
TOTAL    =        -4306.7506803
