Bond     =           55.2323163     Angle    =          164.3146131
Dihedral =          773.5490756     1-4 vdW  =          225.0938005
1-4 Elec =        -3256.5337517     vdWaals  =         -543.7942088
Elec.    =         6758.1462736     Egb      =       -10671.9324412
TOTAL    =        -6495.9243227
