Bond     =           13.4977886     Angle    =           33.8166256
Dihedral =          176.6461242     1-4 vdW  =           51.7790508
1-4 Elec =         -939.7154495     vdWaals  =         -101.1311738
Elec.    =          240.4117333     Egb      =         -994.5685088
TOTAL    =        -1519.2638095
