Bond     =           55.0272683     Angle    =          167.0712488
Dihedral =          771.2672999     1-4 vdW  =          223.8117190
1-4 Elec =        -3480.4299807     vdWaals  =         -532.9476013
Elec.    =         5813.8057979     Egb      =        -9429.7993354
TOTAL    =        -6412.1935833
