Bond     =           53.1470102     Angle    =          151.8674597
Dihedral =          786.5310279     1-4 vdW  =          219.8302186
1-4 Elec =        -3273.2883499     vdWaals  =         -559.7576914
Elec.    =         5659.7233798     Egb      =        -9265.8230951
TOTAL    =        -6227.7700403
