Bond     =           41.9157110     Angle    =          194.7474867
Dihedral =          359.5219761     1-4 vdW  =          111.4033169
1-4 Elec =         -587.8718190     vdWaals  =         -238.5833879
Elec.    =          579.1265095     Egb      =        -2601.5809356
TOTAL    =        -2141.3211422
