Bond     =           43.9185541     Angle    =          139.4926097
Dihedral =          621.5707571     1-4 vdW  =          180.3204493
1-4 Elec =        -2701.8768495     vdWaals  =         -410.3195187
Elec.    =         3425.6656228     Egb      =        -6462.6975558
TOTAL    =        -5163.9259310
