Bond     =           40.4279475     Angle    =          111.2996391
Dihedral =          612.5537048     1-4 vdW  =          175.6547557
1-4 Elec =        -2388.7087371     vdWaals  =         -460.4263754
Elec.    =         3583.4421058     Egb      =        -6578.0098523
TOTAL    =        -4903.7668119
