Bond     =           49.5610328     Angle    =          147.4814269
Dihedral =          615.3777734     1-4 vdW  =          174.4479434
1-4 Elec =        -2539.9174160     vdWaals  =         -381.2542593
Elec.    =         3289.5609232     Egb      =        -6248.5669433
TOTAL    =        -4893.3095188
