Bond     =           60.0243179     Angle    =          178.6101161
Dihedral =          830.8574841     1-4 vdW  =          249.5636395
1-4 Elec =        -4160.9736628     vdWaals  =         -660.5564395
Elec.    =         8093.0215470     Egb      =       -12028.3139050
TOTAL    =        -7437.7669026
