Bond     =           25.7610371     Angle    =           79.9456613
Dihedral =          404.0757170     1-4 vdW  =          112.5822236
1-4 Elec =        -1660.7184737     vdWaals  =         -251.7520951
Elec.    =         1322.8230818     Egb      =        -3178.1942618
TOTAL    =        -3145.4771098
