Bond     =           41.3773020     Angle    =          127.2361104
Dihedral =          573.8048123     1-4 vdW  =          172.7487367
1-4 Elec =        -2423.4586089     vdWaals  =         -452.8426692
Elec.    =         3361.5404155     Egb      =        -6387.4322780
TOTAL    =        -4987.0261791
