Bond     =           99.9713772     Angle    =          310.2019225
Dihedral =         1389.5137205     1-4 vdW  =          415.9587559
1-4 Elec =        -6573.5979671     vdWaals  =        -1104.4303970
Elec.    =        18751.2539222     Egb      =       -25342.0079202
TOTAL    =       -12053.1365859
