Bond     =           59.5348854     Angle    =          191.7036900
Dihedral =          882.1841853     1-4 vdW  =          256.6134863
1-4 Elec =        -3665.9565274     vdWaals  =         -719.3382042
Elec.    =         7781.8583753     Egb      =       -12087.0570367
TOTAL    =        -7300.4571459
