Bond     =          134.7307727     Angle    =          429.3334431
Dihedral =         1974.3230758     1-4 vdW  =          582.8577865
1-4 Elec =        -8468.8248946     vdWaals  =        -1598.5022151
Elec.    =        31623.3236020     Egb      =       -41158.7435678
TOTAL    =       -16481.5019975
