Bond     =          135.6839546     Angle    =          428.0140478
Dihedral =         1962.4707059     1-4 vdW  =          585.3740134
1-4 Elec =        -8436.0620417     vdWaals  =        -1569.4994271
Elec.    =        31317.6244004     Egb      =       -40953.7621049
TOTAL    =       -16530.1564516
