Bond     =           19.0001817     Angle    =           59.8624448
Dihedral =          252.9829356     1-4 vdW  =           71.4618144
1-4 Elec =        -1068.4990700     vdWaals  =         -153.1945927
Elec.    =          649.6604587     Egb      =        -1812.7322551
TOTAL    =        -1981.4580826
