Bond     =           42.6651484     Angle    =          115.3151577
Dihedral =          542.6371407     1-4 vdW  =          165.6338582
1-4 Elec =        -2808.7939644     vdWaals  =         -385.6442804
Elec.    =         3281.3385177     Egb      =        -5968.1468788
TOTAL    =        -5014.9953010
