Bond     =           28.7505589     Angle    =           79.1073431
Dihedral =          379.8976066     1-4 vdW  =          110.8538135
1-4 Elec =        -1875.4801984     vdWaals  =         -244.1691824
Elec.    =         1430.6332940     Egb      =        -3205.0494986
TOTAL    =        -3295.4562633
