Bond     =           69.6395654     Angle    =          223.2077119
Dihedral =         1007.3710846     1-4 vdW  =          291.2775118
1-4 Elec =        -4357.2523016     vdWaals  =         -703.1552939
Elec.    =        10415.4438567     Egb      =       -15096.5951667
TOTAL    =        -8150.0630317
