Bond     =           42.8504272     Angle    =          148.6039826
Dihedral =          395.2857976     1-4 vdW  =          121.7514599
1-4 Elec =        -1468.4519284     vdWaals  =         -284.8406793
Elec.    =         1380.3493161     Egb      =        -3322.7793381
TOTAL    =        -2987.2309623
