Bond     =           52.4246344     Angle    =          165.7111063
Dihedral =          830.5700888     1-4 vdW  =          224.7042059
1-4 Elec =        -3426.7910324     vdWaals  =         -526.9428724
Elec.    =         6179.1173811     Egb      =        -9634.0646350
TOTAL    =        -6135.2711231
