Bond     =           39.3746938     Angle    =          112.9476834
Dihedral =          545.8797963     1-4 vdW  =          157.1979182
1-4 Elec =        -2673.1050626     vdWaals  =         -324.3914890
Elec.    =         2644.2040838     Egb      =        -5169.3950687
TOTAL    =        -4667.2874448
