Bond     =           45.5105950     Angle    =          147.6253452
Dihedral =          686.4541199     1-4 vdW  =          194.2614859
1-4 Elec =        -2753.8904025     vdWaals  =         -448.0331223
Elec.    =         3921.7022503     Egb      =        -7343.5163574
TOTAL    =        -5549.8860860
