Bond     =           59.9032562     Angle    =          184.4241415
Dihedral =          857.5783010     1-4 vdW  =          257.2066775
1-4 Elec =        -3620.6396553     vdWaals  =         -641.4132778
Elec.    =         6864.2027264     Egb      =       -11265.2743795
TOTAL    =        -7304.0122100
