Bond     =           21.3178414     Angle    =           73.9847400
Dihedral =          261.9667835     1-4 vdW  =           73.4352789
1-4 Elec =        -1415.8001415     vdWaals  =         -153.3242776
Elec.    =          517.4934869     Egb      =        -1622.7525601
TOTAL    =        -2243.6788485
