Bond     =           63.8393631     Angle    =          202.5938740
Dihedral =          838.3202038     1-4 vdW  =          258.9330579
1-4 Elec =        -4383.7801265     vdWaals  =         -625.5645896
Elec.    =         7310.9636565     Egb      =       -11348.9501699
TOTAL    =        -7683.6447305
