Bond     =           62.7690397     Angle    =          190.6589970
Dihedral =          847.9179005     1-4 vdW  =          255.4395018
1-4 Elec =        -4200.0115602     vdWaals  =         -639.6630638
Elec.    =         7816.2857734     Egb      =       -11895.2472773
TOTAL    =        -7561.8506889
