Bond     =           52.9432528     Angle    =          164.7646598
Dihedral =          735.5634772     1-4 vdW  =          227.9186801
1-4 Elec =        -3210.4897720     vdWaals  =         -594.6897458
Elec.    =         5745.5125408     Egb      =        -9570.8418712
TOTAL    =        -6449.3187783
