Bond     =           24.4508800     Angle    =           66.2657165
Dihedral =          324.8003142     1-4 vdW  =           90.7118515
1-4 Elec =        -1613.5450726     vdWaals  =         -216.3860266
Elec.    =          790.4345716     Egb      =        -2140.3152540
TOTAL    =        -2673.5830194
