Bond     =           61.7901128     Angle    =          189.9236175
Dihedral =          880.0356670     1-4 vdW  =          258.7965862
1-4 Elec =        -4139.5213003     vdWaals  =         -647.9289323
Elec.    =         7759.6180390     Egb      =       -11905.3118285
TOTAL    =        -7542.5980386
