Bond     =           25.3280826     Angle    =           74.7673164
Dihedral =          346.3338218     1-4 vdW  =          102.4020263
1-4 Elec =        -1555.5386056     vdWaals  =         -244.2351542
Elec.    =         1091.8732313     Egb      =        -2841.3418777
TOTAL    =        -3000.4111591
