Bond     =           40.2930249     Angle    =          124.7386847
Dihedral =          591.7679681     1-4 vdW  =          171.4469769
1-4 Elec =        -2524.3245306     vdWaals  =         -422.6057868
Elec.    =         3599.6822728     Egb      =        -6422.8148696
TOTAL    =        -4841.8162596
