Bond     =           40.5376773     Angle    =          121.6207903
Dihedral =          564.2530751     1-4 vdW  =          168.2224342
1-4 Elec =        -2532.0556673     vdWaals  =         -442.7937771
Elec.    =         3683.9444283     Egb      =        -6496.6908454
TOTAL    =        -4892.9618846
