Bond     =           54.4720800     Angle    =          171.2370684
Dihedral =          733.0348488     1-4 vdW  =          220.2911564
1-4 Elec =        -3543.4651235     vdWaals  =         -575.6848276
Elec.    =         5590.5630507     Egb      =        -9120.7650078
TOTAL    =        -6470.3167545
