Bond     =           30.3454152     Angle    =          116.1160221
Dihedral =          495.5866538     1-4 vdW  =          145.3051559
1-4 Elec =        -1556.0083089     vdWaals  =         -356.6019875
Elec.    =         2206.6232253     Egb      =        -4823.8329231
TOTAL    =        -3742.4667472
