Bond     =           31.6108545     Angle    =          125.4752064
Dihedral =          483.4899715     1-4 vdW  =          144.1448628
1-4 Elec =        -1559.7427180     vdWaals  =         -350.5423902
Elec.    =         2241.0336642     Egb      =        -4862.5238645
TOTAL    =        -3747.0544132
