Bond     =           43.7297611     Angle    =          139.6652843
Dihedral =          617.6349988     1-4 vdW  =          183.9173516
1-4 Elec =        -2607.1199718     vdWaals  =         -427.7855576
Elec.    =         3689.5798296     Egb      =        -6735.7337459
TOTAL    =        -5096.1120500
