Bond     =           42.5301945     Angle    =          136.3470494
Dihedral =          632.1495152     1-4 vdW  =          180.8299062
1-4 Elec =        -2617.1415962     vdWaals  =         -408.1596405
Elec.    =         3683.9388070     Egb      =        -6739.6523003
TOTAL    =        -5089.1580649
