Bond     =           56.0042837     Angle    =          183.2367614
Dihedral =          872.7128227     1-4 vdW  =          258.2759826
1-4 Elec =        -3490.7688948     vdWaals  =         -608.4999102
Elec.    =         7966.9640253     Egb      =       -12355.9834383
TOTAL    =        -7118.0583676
