Bond     =           31.9974758     Angle    =           91.3821824
Dihedral =          430.1002886     1-4 vdW  =          123.8845453
1-4 Elec =        -1920.4303109     vdWaals  =         -268.6956889
Elec.    =         1724.1002536     Egb      =        -3851.3028871
TOTAL    =        -3638.9641412
