Bond     =           42.9156087     Angle    =          188.0199365
Dihedral =          640.0190667     1-4 vdW  =          186.8939133
1-4 Elec =        -2592.9455414     vdWaals  =         -459.5264232
Elec.    =         3509.2902329     Egb      =        -6499.2811705
TOTAL    =        -4984.6143771
