Bond     =           46.6533342     Angle    =          131.3559759
Dihedral =          571.3270619     1-4 vdW  =          165.4706775
1-4 Elec =        -2856.0996727     vdWaals  =         -392.4308829
Elec.    =         3314.9862514     Egb      =        -5956.5809396
TOTAL    =        -4975.3181942
