Bond     =           38.6140578     Angle    =          117.2501406
Dihedral =          600.7799396     1-4 vdW  =          173.6196038
1-4 Elec =        -2537.4018046     vdWaals  =         -408.4518473
Elec.    =         3425.2220590     Egb      =        -6300.6119638
TOTAL    =        -4890.9798149
