Bond     =           70.4238486     Angle    =          202.4285834
Dihedral =          971.3243898     1-4 vdW  =          284.4537944
1-4 Elec =        -4343.1294721     vdWaals  =         -644.2941641
Elec.    =         9329.7935226     Egb      =       -14049.0132949
TOTAL    =        -8178.0127923
