Bond     =           66.5203521     Angle    =          229.0244814
Dihedral =          930.5881349     1-4 vdW  =          297.0573846
1-4 Elec =        -4354.8648506     vdWaals  =         -730.2222548
Elec.    =         8532.0089901     Egb      =       -13343.3129015
TOTAL    =        -8373.2006638
