Bond     =           52.6489681     Angle    =          147.6978914
Dihedral =          749.5580694     1-4 vdW  =          219.6412297
1-4 Elec =        -3581.4519422     vdWaals  =         -503.4676975
Elec.    =         5575.5816542     Egb      =        -9019.6629660
TOTAL    =        -6359.4547930
