Bond     =           54.6100379     Angle    =          148.5067216
Dihedral =          786.6319716     1-4 vdW  =          221.9480116
1-4 Elec =        -3576.4770264     vdWaals  =         -509.1824219
Elec.    =         5726.0658803     Egb      =        -9185.6213882
TOTAL    =        -6333.5182136
