Bond     =           34.4441686     Angle    =           97.0270932
Dihedral =          486.9308315     1-4 vdW  =          140.2727041
1-4 Elec =        -2330.9047058     vdWaals  =         -349.2109700
Elec.    =         2649.7128943     Egb      =        -4853.1678617
TOTAL    =        -4124.8958459
