Bond     =           28.6186948     Angle    =           97.8310232
Dihedral =          413.2807607     1-4 vdW  =          127.9745365
1-4 Elec =        -1609.1325651     vdWaals  =         -330.8654987
Elec.    =         1694.4792821     Egb      =        -3958.8530080
TOTAL    =        -3536.6667745
