Bond     =           53.9850329     Angle    =          183.7737478
Dihedral =          784.5842689     1-4 vdW  =          243.9123428
1-4 Elec =        -3480.2929164     vdWaals  =         -632.3128997
Elec.    =         6637.3551068     Egb      =       -10678.5616847
TOTAL    =        -6887.5570017
