Bond     =           13.0851504     Angle    =           38.1359219
Dihedral =          175.8475324     1-4 vdW  =           50.6969578
1-4 Elec =         -709.5700750     vdWaals  =         -124.5092356
Elec.    =          144.3352315     Egb      =         -999.9692717
TOTAL    =        -1411.9477885
