Bond     =           51.5375996     Angle    =          145.4798562
Dihedral =          696.1476767     1-4 vdW  =          199.4947632
1-4 Elec =        -3389.6557995     vdWaals  =         -456.5683921
Elec.    =         5034.5309076     Egb      =        -8267.1136079
TOTAL    =        -5986.1469962
