Bond     =           51.1566046     Angle    =          147.2621855
Dihedral =          695.2646308     1-4 vdW  =          197.8917928
1-4 Elec =        -3399.3965897     vdWaals  =         -455.7383529
Elec.    =         5107.6348215     Egb      =        -8311.7045847
TOTAL    =        -5967.6294923
