Bond     =           51.5871283     Angle    =          146.3592362
Dihedral =          686.6303459     1-4 vdW  =          198.1949143
1-4 Elec =        -3395.3115778     vdWaals  =         -456.2195544
Elec.    =         4961.2152758     Egb      =        -8191.5205638
TOTAL    =        -5999.0647956
