Bond     =           52.4238958     Angle    =          142.5333242
Dihedral =          688.5609432     1-4 vdW  =          198.1367436
1-4 Elec =        -3411.1418709     vdWaals  =         -458.8772192
Elec.    =         4983.3084214     Egb      =        -8179.0696097
TOTAL    =        -5984.1253716
