Bond     =           26.0857581     Angle    =           81.0497305
Dihedral =          387.6773186     1-4 vdW  =          116.1609838
1-4 Elec =        -1751.0503211     vdWaals  =         -303.5230617
Elec.    =         1479.2090738     Egb      =        -3333.5717937
TOTAL    =        -3297.9623117
