Bond     =           24.6944530     Angle    =           91.8756920
Dihedral =          429.7798094     1-4 vdW  =          122.1019200
1-4 Elec =        -1320.0920479     vdWaals  =         -310.2432764
Elec.    =         1098.5214026     Egb      =        -3356.1272113
TOTAL    =        -3219.4892586
