Bond     =           19.9314760     Angle    =           65.0514355
Dihedral =          289.2050634     1-4 vdW  =           92.5879330
1-4 Elec =        -1143.5400779     vdWaals  =         -233.2849018
Elec.    =          813.2293683     Egb      =        -2382.8414727
TOTAL    =        -2479.6611762
