Bond     =          111.2513035     Angle    =          377.5701937
Dihedral =         1769.2896253     1-4 vdW  =          534.2829541
1-4 Elec =        -6048.3592508     vdWaals  =        -1494.1130976
Elec.    =        31810.2629928     Egb      =       -41242.6134998
TOTAL    =       -14182.4287789
