Bond     =           48.1476982     Angle    =          185.8115918
Dihedral =          766.0937121     1-4 vdW  =          238.3926559
1-4 Elec =        -2207.1569446     vdWaals  =         -596.7359157
Elec.    =         5240.8429829     Egb      =        -9753.9797049
TOTAL    =        -6078.5839243
