Bond     =           81.8304322     Angle    =          284.7541563
Dihedral =         1299.2273339     1-4 vdW  =          361.5544942
1-4 Elec =        -4709.3830917     vdWaals  =         -951.5279217
Elec.    =        15127.4608437     Egb      =       -21089.5035421
TOTAL    =        -9595.5872952
