Bond     =           30.5071557     Angle    =           88.2207786
Dihedral =          430.4216233     1-4 vdW  =          124.8911335
1-4 Elec =        -1934.7184844     vdWaals  =         -272.5374222
Elec.    =         1835.8000234     Egb      =        -3937.6413725
TOTAL    =        -3635.0565646
