Bond     =           30.4177829     Angle    =           86.7083293
Dihedral =          423.9257627     1-4 vdW  =          125.3417249
1-4 Elec =        -1934.3131117     vdWaals  =         -275.9224534
Elec.    =         1854.4832397     Egb      =        -3954.7155330
TOTAL    =        -3644.0742586
