Bond     =           47.7942129     Angle    =          177.1568850
Dihedral =          766.4421928     1-4 vdW  =          234.2703494
1-4 Elec =        -2205.4776905     vdWaals  =         -575.0118272
Elec.    =         5478.4247375     Egb      =        -9994.2434605
TOTAL    =        -6070.6446007
