Bond     =           47.1110991     Angle    =          191.6208453
Dihedral =          786.0987646     1-4 vdW  =          235.0545155
1-4 Elec =        -2052.0122923     vdWaals  =         -569.6002596
Elec.    =         5636.2091864     Egb      =       -10189.6005712
TOTAL    =        -5915.1187121
