Bond     =           46.5617741     Angle    =          181.9332314
Dihedral =          777.0948204     1-4 vdW  =          234.7721148
1-4 Elec =        -2058.1102269     vdWaals  =         -577.7401580
Elec.    =         5474.1755165     Egb      =       -10013.2723957
TOTAL    =        -5934.5853234
