Bond     =           40.8695054     Angle    =          156.0287324
Dihedral =          651.5881428     1-4 vdW  =          208.6153355
1-4 Elec =        -2072.7258245     vdWaals  =         -529.2041501
Elec.    =         4302.1548638     Egb      =        -8180.1980171
TOTAL    =        -5422.8714117
