Bond     =           79.9168331     Angle    =          248.6942057
Dihedral =         1070.5917196     1-4 vdW  =          339.4042807
1-4 Elec =        -5238.2638199     vdWaals  =         -876.2323985
Elec.    =        12650.7214239     Egb      =       -18260.3988548
TOTAL    =        -9985.5666103
