Bond     =           30.3423305     Angle    =           93.1797489
Dihedral =          442.9066316     1-4 vdW  =          134.5509284
1-4 Elec =        -1917.8144515     vdWaals  =         -348.3602986
Elec.    =         1887.3671353     Egb      =        -4181.8013867
TOTAL    =        -3859.6293621
