Bond     =           22.8917001     Angle    =           61.9877578
Dihedral =          307.1385606     1-4 vdW  =           90.7702212
1-4 Elec =        -1408.8703123     vdWaals  =         -238.5352083
Elec.    =          806.8567940     Egb      =        -2279.9574809
TOTAL    =        -2637.7179677
