Bond     =           23.4578006     Angle    =           59.4886637
Dihedral =          297.2523076     1-4 vdW  =           91.5939275
1-4 Elec =        -1519.0718569     vdWaals  =         -234.9247780
Elec.    =          838.2154228     Egb      =        -2275.3498157
TOTAL    =        -2719.3383284
