Bond     =           24.3517009     Angle    =           66.7211901
Dihedral =          291.2717394     1-4 vdW  =           89.9440070
1-4 Elec =        -1577.4962645     vdWaals  =         -240.8918653
Elec.    =          927.3850603     Egb      =        -2326.3454650
TOTAL    =        -2745.0598971
