Bond     =           22.8599162     Angle    =           64.7312700
Dihedral =          284.7446928     1-4 vdW  =           90.0327556
1-4 Elec =        -1603.3396385     vdWaals  =         -207.2747455
Elec.    =          995.1154057     Egb      =        -2344.3702421
TOTAL    =        -2697.5005859
