Bond     =           53.3129527     Angle    =          167.0416058
Dihedral =          730.4932798     1-4 vdW  =          217.1476259
1-4 Elec =        -3545.5316917     vdWaals  =         -596.3923007
Elec.    =         5446.7174999     Egb      =        -8832.7158396
TOTAL    =        -6359.9268679
