Bond     =           53.0588426     Angle    =          165.8736293
Dihedral =          728.1459190     1-4 vdW  =          215.2733230
1-4 Elec =        -3560.9755151     vdWaals  =         -582.3349157
Elec.    =         5473.2542897     Egb      =        -8850.4559595
TOTAL    =        -6358.1603868
