Bond     =           47.4762998     Angle    =          146.5337954
Dihedral =          639.6128003     1-4 vdW  =          204.4459514
1-4 Elec =        -3312.7458102     vdWaals  =         -545.0900374
Elec.    =         5253.7561404     Egb      =        -8337.6058422
TOTAL    =        -5903.6167024
