Bond     =           69.0124701     Angle    =          251.9019713
Dihedral =          922.9193435     1-4 vdW  =          295.3761435
1-4 Elec =        -4376.3400393     vdWaals  =         -750.9663491
Elec.    =         8823.7833345     Egb      =       -13569.2021252
TOTAL    =        -8333.5152506
