Bond     =           48.7985626     Angle    =          136.4009956
Dihedral =          688.0084581     1-4 vdW  =          199.5358766
1-4 Elec =        -3165.8611814     vdWaals  =         -492.4974550
Elec.    =         5542.7804588     Egb      =        -8831.6697873
TOTAL    =        -5874.5040719
