Bond     =           32.3443115     Angle    =           94.6658205
Dihedral =          455.9228700     1-4 vdW  =          119.2305977
1-4 Elec =        -1685.9735502     vdWaals  =         -239.5255153
Elec.    =         1331.0361271     Egb      =        -3415.3392952
TOTAL    =        -3307.6386338
