Bond     =           16.9414467     Angle    =           51.8637182
Dihedral =          241.0074173     1-4 vdW  =           75.6518177
1-4 Elec =        -1040.9974765     vdWaals  =         -186.9817408
Elec.    =          666.6090605     Egb      =        -1885.3582081
TOTAL    =        -2061.2639650
