Bond     =          106.6747384     Angle    =          356.5163874
Dihedral =         1616.3274230     1-4 vdW  =          495.6162870
1-4 Elec =        -6531.4445902     vdWaals  =        -1372.7719665
Elec.    =        28944.2760120     Egb      =       -37180.8483307
TOTAL    =       -13565.6540395
