Bond     =           34.4438654     Angle    =           95.2588059
Dihedral =          452.2873153     1-4 vdW  =          141.2574963
1-4 Elec =        -2250.2418569     vdWaals  =         -357.8762429
Elec.    =         2658.2722363     Egb      =        -4926.4266874
TOTAL    =        -4153.0250679
