Bond     =           41.8537511     Angle    =          138.1394200
Dihedral =          565.5008179     1-4 vdW  =          175.4498853
1-4 Elec =        -2691.6199456     vdWaals  =         -454.8971979
Elec.    =         4109.3843016     Egb      =        -6843.9105921
TOTAL    =        -4960.0995596
