Bond     =           59.8344972     Angle    =          195.1276580
Dihedral =          866.2905243     1-4 vdW  =          255.6218706
1-4 Elec =        -3662.7161118     vdWaals  =         -616.2150054
Elec.    =         6860.5463056     Egb      =       -11210.7192488
TOTAL    =        -7252.2295104
