Bond     =           23.3639578     Angle    =           65.5219983
Dihedral =          300.4077253     1-4 vdW  =           90.5440645
1-4 Elec =        -1534.0472561     vdWaals  =         -238.4823571
Elec.    =          863.4467763     Egb      =        -2268.9300018
TOTAL    =        -2698.1750928
