Bond     =           60.8224046     Angle    =          184.1595378
Dihedral =          848.8854407     1-4 vdW  =          253.9043482
1-4 Elec =        -3737.5363931     vdWaals  =         -645.1869324
Elec.    =         7568.6842302     Egb      =       -11942.0805228
TOTAL    =        -7408.3478869
