Bond     =           62.5339089     Angle    =          189.3260000
Dihedral =          893.7232329     1-4 vdW  =          263.6452693
1-4 Elec =        -3768.6090487     vdWaals  =         -676.7721255
Elec.    =         8860.1239121     Egb      =       -13448.3866799
TOTAL    =        -7624.4155310
