Bond     =           32.4831612     Angle    =           96.7376284
Dihedral =          410.6396970     1-4 vdW  =          122.1145166
1-4 Elec =        -1939.2538320     vdWaals  =         -268.8800959
Elec.    =         1485.8383798     Egb      =        -3440.2984636
TOTAL    =        -3500.6190084
