Bond     =           45.1015350     Angle    =          154.8894705
Dihedral =          621.3587353     1-4 vdW  =          167.3106724
1-4 Elec =        -2947.0247929     vdWaals  =         -366.3437862
Elec.    =         3476.6053586     Egb      =        -5991.8084628
TOTAL    =        -4839.9112702
