Bond     =          111.6401418     Angle    =          360.7599111
Dihedral =         1655.9611240     1-4 vdW  =          509.0213199
1-4 Elec =        -6877.5412444     vdWaals  =        -1421.4615516
Elec.    =        30249.8031994     Egb      =       -38698.0720671
TOTAL    =       -14109.8891669
