Bond     =           50.0994002     Angle    =          152.7782283
Dihedral =          690.5865724     1-4 vdW  =          222.3384527
1-4 Elec =        -3310.1490084     vdWaals  =         -574.2166535
Elec.    =         5617.9196937     Egb      =        -9204.7601353
TOTAL    =        -6355.4034499
