Bond     =           47.7771195     Angle    =          145.1003732
Dihedral =          666.8899689     1-4 vdW  =          214.7793243
1-4 Elec =        -3174.4875851     vdWaals  =         -547.0947209
Elec.    =         5299.9943128     Egb      =        -8780.3091152
TOTAL    =        -6127.3503226
