Bond     =           40.3644987     Angle    =          112.8314626
Dihedral =          565.5087733     1-4 vdW  =          166.0940768
1-4 Elec =        -2876.2896793     vdWaals  =         -374.1666154
Elec.    =         3570.0731778     Egb      =        -6163.4912722
TOTAL    =        -4959.0755777
