Bond     =           40.1460793     Angle    =          111.8202389
Dihedral =          543.2655691     1-4 vdW  =          160.5482484
1-4 Elec =        -2592.3080648     vdWaals  =         -372.4404928
Elec.    =         3325.6564215     Egb      =        -6059.6848732
TOTAL    =        -4842.9968735
