Bond     =           36.3946930     Angle    =          116.2979900
Dihedral =          513.1691372     1-4 vdW  =          157.5468671
1-4 Elec =        -2258.0593737     vdWaals  =         -346.0678142
Elec.    =         2506.8517746     Egb      =        -5136.1455571
TOTAL    =        -4410.0122831
