Bond     =           50.3209470     Angle    =          155.3104584
Dihedral =          690.6711183     1-4 vdW  =          204.4766436
1-4 Elec =        -3527.2974915     vdWaals  =         -531.7649424
Elec.    =         5241.3543605     Egb      =        -8347.7555099
TOTAL    =        -6064.6844160
