Bond     =           16.2116400     Angle    =           47.6738118
Dihedral =          215.8852325     1-4 vdW  =           60.4364782
1-4 Elec =        -1087.0485844     vdWaals  =         -125.4468763
Elec.    =          270.5269606     Egb      =        -1114.6932253
TOTAL    =        -1716.4545629
