Bond     =           85.6313771     Angle    =          304.6445124
Dihedral =         1287.3716002     1-4 vdW  =          361.4201840
1-4 Elec =        -4714.4799027     vdWaals  =         -953.5311517
Elec.    =        15482.1620855     Egb      =       -21473.0718903
TOTAL    =        -9619.8531855
