Bond     =           74.6088631     Angle    =          221.7990069
Dihedral =         1020.3615880     1-4 vdW  =          315.1580957
1-4 Elec =        -4743.9960441     vdWaals  =         -760.5698800
Elec.    =        12091.9220024     Egb      =       -17215.5080120
TOTAL    =        -8996.2243800
