Bond     =           38.5301846     Angle    =          122.0846476
Dihedral =          510.2957335     1-4 vdW  =          144.9023666
1-4 Elec =        -2104.9775353     vdWaals  =         -326.7014260
Elec.    =         2586.9251200     Egb      =        -5059.0060653
TOTAL    =        -4087.9469744
