Bond     =           14.6645932     Angle    =           50.9140726
Dihedral =          215.4679932     1-4 vdW  =           68.1029088
1-4 Elec =         -815.2042741     vdWaals  =         -159.8525152
Elec.    =          244.9217382     Egb      =        -1446.2176761
TOTAL    =        -1827.2031594
