Bond     =           13.4542721     Angle    =           38.2121896
Dihedral =          170.7189933     1-4 vdW  =           51.5953057
1-4 Elec =         -881.1307939     vdWaals  =         -111.2991555
Elec.    =          205.8942610     Egb      =         -974.1268716
TOTAL    =        -1486.6817992
