Bond     =           31.7191739     Angle    =          104.5721745
Dihedral =          545.9366258     1-4 vdW  =          153.4361539
1-4 Elec =        -1457.8088372     vdWaals  =         -392.1804209
Elec.    =         2430.0776217     Egb      =        -5244.2328566
TOTAL    =        -3828.4803649
