Bond     =           44.5883628     Angle    =          147.4079269
Dihedral =          648.4358032     1-4 vdW  =          195.9303222
1-4 Elec =        -2626.6605960     vdWaals  =         -475.4509658
Elec.    =         4125.8036271     Egb      =        -7513.6769682
TOTAL    =        -5453.6224878
