Bond     =           10.3794452     Angle    =           29.3096404
Dihedral =          148.9365544     1-4 vdW  =           41.8551235
1-4 Elec =         -412.0229115     vdWaals  =          -65.1980058
Elec.    =          -45.2262612     Egb      =         -738.3023777
TOTAL    =        -1030.2687928
