Bond     =           19.7280611     Angle    =           67.2808943
Dihedral =          310.5139128     1-4 vdW  =           93.7819222
1-4 Elec =        -1085.7227306     vdWaals  =         -200.0183546
Elec.    =          709.7472283     Egb      =        -2318.9399844
TOTAL    =        -2403.6290510
