Bond     =           20.7501954     Angle    =           69.6901075
Dihedral =          314.3793132     1-4 vdW  =           94.6656422
1-4 Elec =        -1101.4053634     vdWaals  =         -186.8851743
Elec.    =          856.0553319     Egb      =        -2446.5369457
TOTAL    =        -2379.2868932
