Bond     =          986.4669768     Angle    =          119.1725730
Dihedral =          184.0017064     1-4 vdW  =           40.0154206
1-4 Elec =         -414.7985920     vdWaals  =          336.6420420
Elec.    =          -35.0852349     Egb      =         -767.8395356
TOTAL    =          448.5753563
