Bond     =           16.1978389     Angle    =           52.3967086
Dihedral =          271.6726314     1-4 vdW  =           78.8193184
1-4 Elec =         -696.8971442     vdWaals  =         -194.6126574
Elec.    =          457.7008179     Egb      =        -1991.9175024
TOTAL    =        -2006.6399888
