Bond     =           32.4697822     Angle    =          122.5984331
Dihedral =          345.7099341     1-4 vdW  =           94.4836615
1-4 Elec =        -1156.6975633     vdWaals  =         -227.0273675
Elec.    =          939.2095952     Egb      =        -2471.7890553
TOTAL    =        -2321.0425800
