Bond     =           16.4738215     Angle    =           52.7224582
Dihedral =          166.5168335     1-4 vdW  =           46.4134604
1-4 Elec =         -550.6737194     vdWaals  =          -86.9640388
Elec.    =          -56.6458834     Egb      =         -719.5034324
TOTAL    =        -1131.6605004
