Bond     =           22.8006398     Angle    =          123.5077402
Dihedral =          160.9788434     1-4 vdW  =           52.1840359
1-4 Elec =         -712.7661856     vdWaals  =          -81.1083153
Elec.    =           65.7173939     Egb      =         -744.4163983
TOTAL    =        -1113.1022460
