Bond     =           13.2546132     Angle    =           31.6909303
Dihedral =          137.8609654     1-4 vdW  =           43.7379951
1-4 Elec =         -960.1426154     vdWaals  =          -94.4597365
Elec.    =          263.3911051     Egb      =         -807.6127431
TOTAL    =        -1372.2794859
