Bond     =           20.1683725     Angle    =           79.4259160
Dihedral =          286.4953079     1-4 vdW  =           76.5548284
1-4 Elec =         -821.1411334     vdWaals  =         -177.5327592
Elec.    =          343.6425808     Egb      =        -1679.1333978
TOTAL    =        -1871.5202850
