Bond     =           17.5304769     Angle    =           48.7684455
Dihedral =          234.9603208     1-4 vdW  =           74.2038909
1-4 Elec =        -1043.1872512     vdWaals  =         -169.4063552
Elec.    =          743.3893074     Egb      =        -1948.5529371
TOTAL    =        -2042.2941019
