Bond     =           23.9404403     Angle    =           93.5200296
Dihedral =          266.2628523     1-4 vdW  =           71.8472419
1-4 Elec =         -666.4793038     vdWaals  =         -145.4146155
Elec.    =          255.5983787     Egb      =        -1464.4889941
TOTAL    =        -1565.2139706
