Bond     =            7.4092869     Angle    =           20.8181715
Dihedral =           88.1729189     1-4 vdW  =           28.7579676
1-4 Elec =         -404.3057113     vdWaals  =          -48.2412401
Elec.    =            9.2891462     Egb      =         -425.7497415
TOTAL    =         -723.8492018
