Bond     =           23.7941776     Angle    =           68.6031924
Dihedral =          298.4243356     1-4 vdW  =           97.2416176
1-4 Elec =        -1565.4684006     vdWaals  =         -209.5934020
Elec.    =         1053.1160652     Egb      =        -2537.5173058
TOTAL    =        -2771.3997200
