Bond     =           47.8454553     Angle    =          142.1188531
Dihedral =          664.5117192     1-4 vdW  =          205.3830943
1-4 Elec =        -3024.7464677     vdWaals  =         -570.6397553
Elec.    =         5312.6172471     Egb      =        -8649.2413430
TOTAL    =        -5872.1511971
