Bond     =           47.8563436     Angle    =          147.3637729
Dihedral =          651.9076572     1-4 vdW  =          205.8639826
1-4 Elec =        -3025.9250414     vdWaals  =         -576.3779676
Elec.    =         5427.4051727     Egb      =        -8761.7005316
TOTAL    =        -5883.6066116
