Bond     =           14.8640441     Angle    =           42.9284224
Dihedral =          190.5969402     1-4 vdW  =           60.1549749
1-4 Elec =         -911.2215631     vdWaals  =         -133.1137430
Elec.    =          403.7004233     Egb      =        -1339.9813082
TOTAL    =        -1672.0718095
