Bond     =           22.3252857     Angle    =           71.3970943
Dihedral =          300.1829811     1-4 vdW  =           90.5385300
1-4 Elec =        -1456.7953484     vdWaals  =         -164.9005770
Elec.    =          867.8092292     Egb      =        -2269.9164962
TOTAL    =        -2539.3593012
