Bond     =            7.5043343     Angle    =           19.5094511
Dihedral =           93.6888052     1-4 vdW  =           28.5926065
1-4 Elec =         -402.8887141     vdWaals  =          -49.1152819
Elec.    =           -6.1140185     Egb      =         -413.5820711
TOTAL    =         -722.4048885
