Bond     =           16.5588307     Angle    =           56.4599453
Dihedral =          261.6778410     1-4 vdW  =           75.9729058
1-4 Elec =         -916.9654440     vdWaals  =         -157.9068698
Elec.    =          351.5618022     Egb      =        -1669.1673103
TOTAL    =        -1981.8082993
