Bond     =           13.8604499     Angle    =           43.3788664
Dihedral =          224.7311653     1-4 vdW  =           66.3091550
1-4 Elec =         -571.6052117     vdWaals  =         -141.3824066
Elec.    =          298.2389159     Egb      =        -1537.3542244
TOTAL    =        -1603.8232903
