Bond     =           29.0181204     Angle    =          107.6565547
Dihedral =          318.5660705     1-4 vdW  =           91.9325343
1-4 Elec =        -1366.7593911     vdWaals  =         -234.5861810
Elec.    =          939.7190646     Egb      =        -2357.9714603
TOTAL    =        -2472.4246880
