Bond     =           20.8211440     Angle    =           78.9015187
Dihedral =          193.3989403     1-4 vdW  =           52.9357857
1-4 Elec =         -898.7470776     vdWaals  =         -103.4397165
Elec.    =          209.8706269     Egb      =         -947.6333799
TOTAL    =        -1393.8921584
