Bond     =           11.4519163     Angle    =           35.5970681
Dihedral =          206.1337126     1-4 vdW  =           57.6483339
1-4 Elec =         -370.8956289     vdWaals  =         -117.4283678
Elec.    =           77.2543740     Egb      =        -1215.3550875
TOTAL    =        -1315.5936792
