Bond     =           48.1845533     Angle    =          199.4525922
Dihedral =          318.4858443     1-4 vdW  =          101.3370170
1-4 Elec =         -948.7046198     vdWaals  =         -196.5770484
Elec.    =          594.8782723     Egb      =        -2269.2153230
TOTAL    =        -2152.1587121
