Bond     =            8.5840575     Angle    =           26.7263262
Dihedral =          127.5533219     1-4 vdW  =           35.6416940
1-4 Elec =         -433.9089695     vdWaals  =          -67.2229979
Elec.    =          -42.8654303     Egb      =         -560.3428282
TOTAL    =         -905.8348262
