Bond     =           21.3798910     Angle    =           61.3577117
Dihedral =          265.0772934     1-4 vdW  =           83.5242505
1-4 Elec =        -1527.6672403     vdWaals  =         -175.5407790
Elec.    =         1048.8516016     Egb      =        -2226.8267661
TOTAL    =        -2449.8440371
