Bond     =            8.0037399     Angle    =           21.4436457
Dihedral =          101.0707333     1-4 vdW  =           28.4601029
1-4 Elec =         -560.0568874     vdWaals  =          -42.2404286
Elec.    =           23.3436972     Egb      =         -388.8998509
TOTAL    =         -808.8752478
