Bond     =         1231.1307612     Angle    =          135.9544329
Dihedral =          192.7519578     1-4 vdW  =           52.7509635
1-4 Elec =         -762.7176156     vdWaals  =          339.0415314
Elec.    =          110.2874692     Egb      =         -938.2301059
TOTAL    =          360.9693946
