Bond     =            4.8738422     Angle    =           10.6571439
Dihedral =           47.2969503     1-4 vdW  =           15.5066132
1-4 Elec =         -380.9063554     vdWaals  =          -19.6532526
Elec.    =           31.7241892     Egb      =         -124.8306696
TOTAL    =         -415.3315387
