Bond     =           21.4528887     Angle    =          151.9550418
Dihedral =          247.3823502     1-4 vdW  =           61.3361419
1-4 Elec =         -925.2786483     vdWaals  =         -118.9726523
Elec.    =          216.5235232     Egb      =        -1144.9571436
TOTAL    =        -1490.5584985
