Bond     =           37.3685185     Angle    =          108.4432071
Dihedral =          225.1872695     1-4 vdW  =           62.8957492
1-4 Elec =        -1022.2201461     vdWaals  =         -120.3270640
Elec.    =          309.8225221     Egb      =        -1170.8471800
TOTAL    =        -1569.6771236
