Bond     =           14.4592735     Angle    =           41.1803930
Dihedral =          189.8353176     1-4 vdW  =           55.8654172
1-4 Elec =         -772.4958748     vdWaals  =          -91.8763321
Elec.    =          249.2472497     Egb      =        -1211.7827617
TOTAL    =        -1525.5673175
