Bond     =          971.4867648     Angle    =          116.1819751
Dihedral =          180.6010134     1-4 vdW  =           40.3223921
1-4 Elec =         -819.8044419     vdWaals  =          338.3103013
Elec.    =          164.3828666     Egb      =         -761.1056311
TOTAL    =          230.3752402
