Bond     =         1003.3241752     Angle    =          170.8473148
Dihedral =          327.3892981     1-4 vdW  =           88.6377921
1-4 Elec =        -1519.6722076     vdWaals  =          201.8810236
Elec.    =         1028.8099905     Egb      =        -2404.4842059
TOTAL    =        -1103.2668193
