Bond     =           18.0674760     Angle    =           51.6819347
Dihedral =          247.6840583     1-4 vdW  =           76.2604752
1-4 Elec =        -1129.4692877     vdWaals  =         -134.5123196
Elec.    =          577.9661302     Egb      =        -1736.8092653
TOTAL    =        -2029.1307982
