Bond     =           21.7890027     Angle    =           76.3935230
Dihedral =          142.7371974     1-4 vdW  =           39.7275312
1-4 Elec =         -397.8147050     vdWaals  =          -56.9788056
Elec.    =          -57.6904912     Egb      =         -598.6030953
TOTAL    =         -830.4398427
