Bond     =           32.5485710     Angle    =           95.8378337
Dihedral =          285.9284563     1-4 vdW  =           80.9529664
1-4 Elec =        -1097.2434852     vdWaals  =         -154.8156281
Elec.    =          538.1505678     Egb      =        -1736.6498305
TOTAL    =        -1955.2905487
