Bond     =           13.7178350     Angle    =           49.7651051
Dihedral =          227.8444067     1-4 vdW  =           64.9707467
1-4 Elec =         -570.3864113     vdWaals  =         -123.1809448
Elec.    =          185.0134771     Egb      =        -1438.9363429
TOTAL    =        -1591.1921285
