Bond     =           17.6415488     Angle    =           48.5096233
Dihedral =          241.4307510     1-4 vdW  =           72.5813233
1-4 Elec =        -1005.3645311     vdWaals  =         -172.2002680
Elec.    =          631.4936005     Egb      =        -1829.2381229
TOTAL    =        -1995.1460751
