Bond     =           17.6070399     Angle    =           46.4964757
Dihedral =          206.7492463     1-4 vdW  =           67.6126498
1-4 Elec =        -1239.0123606     vdWaals  =         -165.3849876
Elec.    =          594.1544469     Egb      =        -1527.3867847
TOTAL    =        -1999.1642743
