Bond     =           15.6052627     Angle    =           45.2366721
Dihedral =          211.8714410     1-4 vdW  =           55.0916498
1-4 Elec =         -812.2298684     vdWaals  =          -84.4482345
Elec.    =          361.8314186     Egb      =        -1303.9577199
TOTAL    =        -1510.9993786
