Bond     =           18.2725263     Angle    =           69.0595092
Dihedral =          226.1230119     1-4 vdW  =           60.9408416
1-4 Elec =         -633.3749994     vdWaals  =         -128.7215600
Elec.    =          144.4229796     Egb      =        -1203.1197467
TOTAL    =        -1446.3974377
