Bond     =           11.8756430     Angle    =           36.6662842
Dihedral =          183.4675181     1-4 vdW  =           50.2862969
1-4 Elec =         -503.7570140     vdWaals  =          -87.7338822
Elec.    =           33.5309061     Egb      =         -952.3656816
TOTAL    =        -1228.0299295
