Bond     =           11.4357024     Angle    =           28.5532281
Dihedral =          149.0680201     1-4 vdW  =           43.0233189
1-4 Elec =         -739.7128997     vdWaals  =          -91.9436003
Elec.    =           61.5403791     Egb      =         -711.3596961
TOTAL    =        -1249.3955474
