Bond     =           20.0398207     Angle    =           60.6729376
Dihedral =          274.8117155     1-4 vdW  =           81.3860647
1-4 Elec =        -1012.5768850     vdWaals  =         -197.3362838
Elec.    =          743.0978248     Egb      =        -2158.4510812
TOTAL    =        -2188.3558867
