Bond     =           14.2042343     Angle    =           39.3830028
Dihedral =          199.0706119     1-4 vdW  =           56.8644151
1-4 Elec =         -860.1137755     vdWaals  =         -139.8477698
Elec.    =          259.9440121     Egb      =        -1212.5586698
TOTAL    =        -1643.0539389
