Bond     =           13.8067049     Angle    =           44.1556944
Dihedral =          205.6315094     1-4 vdW  =           57.2081975
1-4 Elec =         -816.9097171     vdWaals  =         -129.0987136
Elec.    =          235.1894363     Egb      =        -1190.1405196
TOTAL    =        -1580.1574078
