Bond     =            9.6744589     Angle    =           24.2561473
Dihedral =          117.9632612     1-4 vdW  =           34.0628382
1-4 Elec =         -575.6653441     vdWaals  =          -77.3627256
Elec.    =           60.7639136     Egb      =         -610.2963508
TOTAL    =        -1016.6038013
