Bond     =           14.1891571     Angle    =           40.2004675
Dihedral =          178.6447226     1-4 vdW  =           52.4263805
1-4 Elec =        -1039.6102942     vdWaals  =          -74.0955323
Elec.    =          358.8755716     Egb      =        -1067.2348086
TOTAL    =        -1536.6043357
