Bond     =           26.4022600     Angle    =          151.4684859
Dihedral =          314.8347810     1-4 vdW  =           93.4234718
1-4 Elec =         -796.2492355     vdWaals  =         -180.2260766
Elec.    =          433.8631236     Egb      =        -2153.7177940
TOTAL    =        -2110.2009838
