Bond     =           11.1268800     Angle    =           38.2698102
Dihedral =          176.9259512     1-4 vdW  =           50.1789953
1-4 Elec =         -423.3783607     vdWaals  =         -115.2195973
Elec.    =          -55.7893313     Egb      =         -932.9351677
TOTAL    =        -1250.8208204
