Bond     =            8.8044702     Angle    =           26.5921673
Dihedral =          134.2460846     1-4 vdW  =           38.4038902
1-4 Elec =         -472.1313674     vdWaals  =          -59.0827254
Elec.    =          -69.2250658     Egb      =         -549.7954697
TOTAL    =         -942.1880160
