Bond     =           17.1098867     Angle    =           54.5212430
Dihedral =          236.2915638     1-4 vdW  =           72.7095222
1-4 Elec =         -860.8538129     vdWaals  =         -181.8566196
Elec.    =          503.9472000     Egb      =        -1815.5530302
TOTAL    =        -1973.6840470
