Bond     =            7.0504648     Angle    =           18.6398046
Dihedral =          110.0948499     1-4 vdW  =           29.5836763
1-4 Elec =         -444.2361671     vdWaals  =          -37.9586725
Elec.    =          -30.7136133     Egb      =         -404.1970516
TOTAL    =         -751.7367088
