atoms,res_label,res_pointer,mass,charge,coords,bonds,angles,torsions,energy
2.0,1.0,1.0,16.0,0.0,6.290999889373779,6.0,6.0,6.0,13.5651182
1.0,2.0,6.0,12.01,0.0,3.677999973297119,18.0,9.0,9.0,40.803904
4.0,3.0,7.0,20.0,0.0,-7.394999980926514,1.0,12.0,12.0,164.7981788
5.0,3.0,13.0,12.0,0.0,6.2220001220703125,6.0,3.0,15.0,52.792455
6.0,4.0,14.0,75.0,0.0,4.116000175476074,9.0,9.0,1.0,-999.9760757
7.0,3.0,19.0,75.0,0.0,-8.741000175476074,2.0,12.0,6.0,-107.8290544
3.0,3.0,20.0,36.97,-1.0,5.745999813079834,9.0,15.0,9.0,255.9831043
2.0,,25.0,16.0,0.0,2.9820001125335693,12.0,6.0,12.0,-968.1217833
1.0,,26.0,12.01,0.0,-9.659000396728516,3.0,0.0,15.0,-1547.984153
4.0,,31.0,20.0,0.0,5.9039998054504395,12.0,3.0,2.0,
5.0,,32.0,12.0,0.0,0.6779999732971191,15.0,6.0,6.0,
8.0,,37.0,67.0,0.0,-9.842000007629395,7.0,8.0,12.0,
9.0,,38.0,67.0,0.0,6.011000156402588,3.0,3.0,15.0,
3.0,,43.0,36.97,-1.0,-0.8840000033378601,6.0,6.0,9.0,
2.0,,,16.0,0.0,-7.692999839782715,9.0,18.0,6.0,
1.0,,,12.01,0.0,5.284999847412109,0.0,9.0,3.0,
4.0,,,20.0,0.0,-3.177999973297119,3.0,6.0,6.0,
5.0,,,12.0,0.0,-8.281000137329102,11.0,18.0,9.0,
11.0,,,130.0,0.0,1.8040000200271606,27.0,21.0,12.0,
3.0,,,36.97,-1.0,3.010999917984009,39.0,10.0,9.0,
2.0,,,16.0,0.0,-9.024999618530273,1.0,3.0,18.0,
1.0,,,12.01,0.0,1.3270000219345093,27.0,6.0,6.0,
4.0,,,20.0,0.0,1.5640000104904175,30.0,9.0,9.0,
5.0,,,12.0,0.0,-9.569000244140625,2.0,11.0,12.0,
11.0,,,130.0,0.0,0.902999997138977,30.0,9.0,15.0,
3.0,,,36.97,-1.0,1.3609999418258667,33.0,6.0,3.0,
2.0,,,16.0,0.0,-10.906000137329102,4.0,18.0,6.0,
1.0,,,12.01,0.0,0.6119999885559082,33.0,12.0,18.0,
4.0,,,20.0,0.0,-0.125,36.0,27.0,21.0,
5.0,,,12.0,0.0,-11.16100025177002,8.0,30.0,18.0,
10.0,,,131.0,0.0,1.253000020980835,24.0,33.0,9.0,
3.0,,,36.97,-1.0,-2.2219998836517334,27.0,1.0,6.0,
2.0,,,16.0,0.0,-10.404999732971191,9.0,30.0,18.0,
1.0,,,12.01,0.0,2.0329999923706055,18.0,33.0,21.0,
4.0,,,20.0,0.0,-2.7699999809265137,21.0,36.0,19.0,
5.0,,,12.0,0.0,-7.918000221252441,10.0,5.0,0.0,
11.0,,,130.0,0.0,1.8009999990463257,21.0,18.0,3.0,
3.0,,,36.97,-1.0,-4.877999782562256,24.0,21.0,6.0,
2.0,,,16.0,0.0,-7.281000137329102,11.0,24.0,18.0,
1.0,,,12.01,0.0,-3.1679999828338623,48.0,7.0,20.0,
4.0,,,20.0,0.0,-0.29499998688697815,57.0,21.0,0.0,
5.0,,,12.0,0.0,-9.963000297546387,1.0,24.0,3.0,
11.0,,,130.0,0.0,-3.305999994277954,48.0,27.0,6.0,
,,,,,-1.7970000505447388,51.0,8.0,9.0,
,,,,,-9.376999855041504,2.0,24.0,21.0,
,,,,,-3.806999921798706,51.0,27.0,6.0,
,,,,,-2.881999969482422,54.0,39.0,18.0,
,,,,,-10.138999938964844,6.0,9.0,21.0,
,,,,,-3.693000078201294,45.0,27.0,24.0,
,,,,,-4.196000099182129,48.0,39.0,25.0,
,,,,,-9.347000122070312,9.0,42.0,27.0,
,,,,,-2.299999952316284,39.0,10.0,30.0,
,,,,,-5.15500020980835,42.0,24.0,33.0,
,,,,,-7.741000175476074,10.0,27.0,36.0,
,,,,,-0.7730000019073486,42.0,30.0,3.0,
,,,,,-3.9660000801086426,45.0,11.0,27.0,
,,,,,-5.388000011444092,11.0,30.0,30.0,
,,,,,-6.934000015258789,66.0,27.0,33.0,
,,,,,-4.169000148773193,75.0,39.0,36.0,
,,,,,-7.011000156402588,1.0,12.0,4.0,
,,,,,-6.565999984741211,66.0,48.0,27.0,
,,,,,-5.25600004196167,69.0,51.0,33.0,
,,,,,-5.870999813079834,2.0,54.0,36.0,
,,,,,-6.9079999923706055,69.0,4.0,30.0,
,,,,,-6.627999782562256,72.0,39.0,5.0,
,,,,,-5.980999946594238,6.0,42.0,24.0,
,,,,,-6.25600004196167,63.0,45.0,27.0,
,,,,,-7.436999797821045,66.0,7.0,30.0,
,,,,,-4.8480000495910645,9.0,42.0,33.0,
,,,,,-4.40500020980835,57.0,45.0,7.0,
,,,,,-7.361000061035156,60.0,48.0,24.0,
,,,,,-3.440999984741211,10.0,8.0,27.0,
,,,,,-2.8010001182556152,60.0,45.0,30.0,
,,,,,-5.145999908447266,63.0,48.0,33.0,
,,,,,-2.1040000915527344,11.0,57.0,8.0,
,,,,,-8.982999801635742,84.0,9.0,39.0,
,,,,,-7.179999828338623,93.0,48.0,27.0,
,,,,,-1.9559999704360962,1.0,57.0,30.0,
,,,,,-8.109000205993652,84.0,60.0,33.0,
,,,,,-7.427999973297119,87.0,10.0,14.0,
,,,,,-0.6179999709129333,2.0,45.0,24.0,
,,,,,-7.96999979019165,87.0,48.0,27.0,
,,,,,-8.70199966430664,90.0,51.0,39.0,
,,,,,-0.012000000104308128,5.0,11.0,42.0,
,,,,,-6.951000213623047,81.0,51.0,18.0,
,,,,,-8.640999794006348,84.0,48.0,30.0,
,,,,,1.1380000114440918,9.0,57.0,27.0,
,,,,,-5.039999961853027,75.0,12.0,39.0,
,,,,,-7.464000225067139,78.0,66.0,42.0,
,,,,,1.7580000162124634,10.0,69.0,19.0,
,,,,,-4.10099983215332,78.0,72.0,21.0,
,,,,,-4.539000034332275,81.0,4.0,24.0,
,,,,,1.2929999828338623,11.0,57.0,27.0,
,,,,,-9.17199993133545,102.0,60.0,39.0,
,,,,,-7.389999866485596,111.0,63.0,20.0,
,,,,,4.204999923706055,1.0,7.0,21.0,
,,,,,-8.071000099182129,102.0,60.0,24.0,
,,,,,-6.919000148773193,105.0,63.0,27.0,
,,,,,5.289999961853027,2.0,66.0,30.0,
,,,,,-7.576000213623047,105.0,8.0,21.0,
,,,,,-7.7820000648498535,108.0,63.0,18.0,
,,,,,6.300000190734863,6.0,66.0,21.0,
,,,,,-6.427000045776367,99.0,75.0,24.0,
,,,,,-7.105999946594238,102.0,9.0,27.0,
,,,,,7.064000129699707,9.0,66.0,22.0,
,,,,,-4.729000091552734,93.0,75.0,18.0,
,,,,,-5.560999870300293,96.0,78.0,21.0,
,,,,,6.736999988555908,10.0,10.0,24.0,
,,,,,-4.388000011444092,96.0,63.0,27.0,
,,,,,-3.055000066757202,99.0,66.0,23.0,
,,,,,5.046999931335449,11.0,69.0,18.0,
,,,,,-8.380999565124512,120.0,11.0,21.0,
,,,,,-4.941999912261963,123.0,69.0,24.0,
,,,,,9.789999961853027,2.0,66.0,27.0,
,,,,,-7.271999835968018,123.0,75.0,24.0,
,,,,,-3.8559999465942383,126.0,12.0,27.0,
,,,,,10.243000030517578,6.0,84.0,39.0,
,,,,,-6.415999889373779,117.0,87.0,42.0,
,,,,,-4.053999900817871,120.0,90.0,45.0,
,,,,,11.355999946594238,9.0,2.0,25.0,
,,,,,-5.374000072479248,111.0,75.0,45.0,
,,,,,-2.9260001182556152,114.0,78.0,48.0,
,,,,,11.439000129699707,10.0,81.0,51.0,
,,,,,-4.2220001220703125,114.0,7.0,54.0,
,,,,,-1.4479999542236328,117.0,78.0,10.0,
,,,,,10.067999839782715,11.0,81.0,45.0,
,,,,,-4.872000217437744,,84.0,48.0,
,,,,,0.03500000014901161,,8.0,51.0,
,,,,,7.491000175476074,,81.0,54.0,
,,,,,,,84.0,11.0,
,,,,,,,93.0,57.0,
,,,,,,,9.0,48.0,
,,,,,,,84.0,51.0,
,,,,,,,93.0,54.0,
,,,,,,,96.0,16.0,
,,,,,,,10.0,45.0,
,,,,,,,81.0,48.0,
,,,,,,,84.0,57.0,
,,,,,,,87.0,60.0,
,,,,,,,11.0,18.0,
,,,,,,,87.0,51.0,
,,,,,,,84.0,48.0,
,,,,,,,93.0,57.0,
,,,,,,,12.0,60.0,
,,,,,,,102.0,19.0,
,,,,,,,105.0,42.0,
,,,,,,,108.0,45.0,
,,,,,,,4.0,48.0,
,,,,,,,93.0,57.0,
,,,,,,,96.0,20.0,
,,,,,,,99.0,42.0,
,,,,,,,7.0,45.0,
,,,,,,,96.0,48.0,
,,,,,,,99.0,51.0,
,,,,,,,102.0,21.0,
,,,,,,,8.0,39.0,
,,,,,,,99.0,42.0,
,,,,,,,102.0,45.0,
,,,,,,,111.0,48.0,
,,,,,,,9.0,22.0,
,,,,,,,102.0,39.0,
,,,,,,,111.0,42.0,
,,,,,,,114.0,45.0,
,,,,,,,10.0,48.0,
,,,,,,,99.0,23.0,
,,,,,,,102.0,39.0,
,,,,,,,105.0,42.0,
,,,,,,,11.0,45.0,
,,,,,,,105.0,48.0,
,,,,,,,102.0,24.0,
,,,,,,,111.0,48.0,
,,,,,,,12.0,57.0,
,,,,,,,120.0,60.0,
,,,,,,,123.0,63.0,
,,,,,,,126.0,25.0,
,,,,,,,4.0,63.0,
,,,,,,,111.0,66.0,
,,,,,,,114.0,69.0,
,,,,,,,117.0,72.0,
,,,,,,,7.0,10.0,
,,,,,,,114.0,63.0,
,,,,,,,117.0,66.0,
,,,,,,,120.0,69.0,
,,,,,,,8.0,72.0,
,,,,,,,117.0,11.0,
,,,,,,,120.0,75.0,
,,,,,,,123.0,66.0,
,,,,,,,11.0,69.0,
,,,,,,,,72.0,
,,,,,,,,16.0,
,,,,,,,,63.0,
,,,,,,,,66.0,
,,,,,,,,75.0,
,,,,,,,,78.0,
,,,,,,,,18.0,
,,,,,,,,69.0,
,,,,,,,,66.0,
,,,,,,,,75.0,
,,,,,,,,78.0,
,,,,,,,,19.0,
,,,,,,,,60.0,
,,,,,,,,63.0,
,,,,,,,,66.0,
,,,,,,,,75.0,
,,,,,,,,20.0,
,,,,,,,,60.0,
,,,,,,,,63.0,
,,,,,,,,66.0,
,,,,,,,,69.0,
,,,,,,,,21.0,
,,,,,,,,57.0,
,,,,,,,,60.0,
,,,,,,,,63.0,
,,,,,,,,66.0,
,,,,,,,,22.0,
,,,,,,,,57.0,
,,,,,,,,60.0,
,,,,,,,,63.0,
,,,,,,,,66.0,
,,,,,,,,23.0,
,,,,,,,,57.0,
,,,,,,,,60.0,
,,,,,,,,63.0,
,,,,,,,,66.0,
,,,,,,,,24.0,
,,,,,,,,66.0,
,,,,,,,,75.0,
,,,,,,,,78.0,
,,,,,,,,81.0,
,,,,,,,,25.0,
,,,,,,,,81.0,
,,,,,,,,84.0,
,,,,,,,,87.0,
,,,,,,,,90.0,
,,,,,,,,12.0,
,,,,,,,,81.0,
,,,,,,,,84.0,
,,,,,,,,87.0,
,,,,,,,,90.0,
,,,,,,,,13.0,
,,,,,,,,93.0,
,,,,,,,,84.0,
,,,,,,,,87.0,
,,,,,,,,90.0,
,,,,,,,,17.0,
,,,,,,,,81.0,
,,,,,,,,84.0,
,,,,,,,,93.0,
,,,,,,,,96.0,
,,,,,,,,18.0,
,,,,,,,,87.0,
,,,,,,,,84.0,
,,,,,,,,93.0,
,,,,,,,,96.0,
,,,,,,,,19.0,
,,,,,,,,78.0,
,,,,,,,,81.0,
,,,,,,,,84.0,
,,,,,,,,93.0,
,,,,,,,,20.0,
,,,,,,,,78.0,
,,,,,,,,81.0,
,,,,,,,,84.0,
,,,,,,,,87.0,
,,,,,,,,21.0,
,,,,,,,,75.0,
,,,,,,,,78.0,
,,,,,,,,81.0,
,,,,,,,,84.0,
,,,,,,,,22.0,
,,,,,,,,75.0,
,,,,,,,,78.0,
,,,,,,,,81.0,
,,,,,,,,84.0,
,,,,,,,,23.0,
,,,,,,,,75.0,
,,,,,,,,78.0,
,,,,,,,,81.0,
,,,,,,,,84.0,
,,,,,,,,24.0,
,,,,,,,,84.0,
,,,,,,,,93.0,
,,,,,,,,96.0,
,,,,,,,,99.0,
,,,,,,,,25.0,
,,,,,,,,99.0,
,,,,,,,,102.0,
,,,,,,,,105.0,
,,,,,,,,108.0,
,,,,,,,,10.0,
,,,,,,,,99.0,
,,,,,,,,102.0,
,,,,,,,,105.0,
,,,,,,,,108.0,
,,,,,,,,11.0,
,,,,,,,,111.0,
,,,,,,,,102.0,
,,,,,,,,105.0,
,,,,,,,,108.0,
,,,,,,,,16.0,
,,,,,,,,99.0,
,,,,,,,,102.0,
,,,,,,,,111.0,
,,,,,,,,114.0,
,,,,,,,,18.0,
,,,,,,,,105.0,
,,,,,,,,102.0,
,,,,,,,,111.0,
,,,,,,,,114.0,
,,,,,,,,19.0,
,,,,,,,,96.0,
,,,,,,,,99.0,
,,,,,,,,102.0,
,,,,,,,,111.0,
,,,,,,,,20.0,
,,,,,,,,96.0,
,,,,,,,,99.0,
,,,,,,,,102.0,
,,,,,,,,105.0,
,,,,,,,,21.0,
,,,,,,,,93.0,
,,,,,,,,96.0,
,,,,,,,,99.0,
,,,,,,,,102.0,
,,,,,,,,22.0,
,,,,,,,,93.0,
,,,,,,,,96.0,
,,,,,,,,99.0,
,,,,,,,,102.0,
,,,,,,,,23.0,
,,,,,,,,93.0,
,,,,,,,,96.0,
,,,,,,,,99.0,
,,,,,,,,102.0,
,,,,,,,,24.0,
,,,,,,,,102.0,
,,,,,,,,111.0,
,,,,,,,,114.0,
,,,,,,,,117.0,
,,,,,,,,25.0,
,,,,,,,,117.0,
,,,,,,,,120.0,
,,,,,,,,123.0,
,,,,,,,,126.0,
,,,,,,,,10.0,
,,,,,,,,117.0,
,,,,,,,,120.0,
,,,,,,,,123.0,
,,,,,,,,126.0,
,,,,,,,,11.0,
,,,,,,,,114.0,
,,,,,,,,117.0,
,,,,,,,,120.0,
,,,,,,,,123.0,
,,,,,,,,21.0,
,,,,,,,,111.0,
,,,,,,,,114.0,
,,,,,,,,117.0,
,,,,,,,,120.0,
,,,,,,,,22.0,
,,,,,,,,111.0,
,,,,,,,,114.0,
,,,,,,,,117.0,
,,,,,,,,120.0,
,,,,,,,,23.0,
,,,,,,,,111.0,
,,,,,,,,114.0,
,,,,,,,,117.0,
,,,,,,,,120.0,
,,,,,,,,24.0,
,,,,,,,,,
,,,,,,,,,
,,,,,,,,,
,,,,,,,,,
,,,,,,,,,
,,,,,,,,,
,,,,,,,,,
,,,,,,,,,
,,,,,,,,,
,,,,,,,,,
,,,,,,,,,
,,,,,,,,,
,,,,,,,,,
,,,,,,,,,
,,,,,,,,,
,,,,,,,,,
,,,,,,,,,
,,,,,,,,,
,,,,,,,,,
,,,,,,,,,
,,,,,,,,,
,,,,,,,,,
,,,,,,,,,
,,,,,,,,,
,,,,,,,,,
,,,,,,,,,
,,,,,,,,,
,,,,,,,,,
,,,,,,,,,
,,,,,,,,,
,,,,,,,,,
,,,,,,,,,
,,,,,,,,,
,,,,,,,,,
,,,,,,,,,
,,,,,,,,,
,,,,,,,,,
,,,,,,,,,
,,,,,,,,,
,,,,,,,,,
,,,,,,,,,
,,,,,,,,,
,,,,,,,,,
,,,,,,,,,
,,,,,,,,,
,,,,,,,,,
,,,,,,,,,
,,,,,,,,,
,,,,,,,,,
,,,,,,,,,
,,,,,,,,,
,,,,,,,,,
,,,,,,,,,
,,,,,,,,,
,,,,,,,,,
,,,,,,,,,
,,,,,,,,,
,,,,,,,,,
,,,,,,,,,
,,,,,,,,,
,,,,,,,,,
,,,,,,,,,
,,,,,,,,,
,,,,,,,,,
,,,,,,,,,
,,,,,,,,,
,,,,,,,,,
,,,,,,,,,
,,,,,,,,,
,,,,,,,,,
,,,,,,,,,
,,,,,,,,,
,,,,,,,,,
,,,,,,,,,
,,,,,,,,,
